DR | DR cv error | DR shape up | DR shape down | 0b purity | purity error | trig eff | trig eff error | lepton SF | lepton SF error | btag SF | btag SF error |
0.9624 | 0.035 | 0.1183 | 0.1119 | 0.9942 | 0.0079 | 0.9905 | 0.0035 | 0.95 | 0.05 | 1.0 | 0.005 | 
0.9624 | 0.035 | 0.1183 | 0.1119 | 0.9942 | 0.0079 | 0.9905 | 0.0035 | 0.95 | 0.05 | 1.0 | 0.005 | 
0.9624 | 0.035 | 0.1625 | 0.1119 | 0.9942 | 0.0079 | 0.9905 | 0.0035 | 0.95 | 0.05 | 1.0 | 0.005 | 
0.9624 | 0.035 | 0.0759 | 0.0691 | 0.9942 | 0.0079 | 0.9905 | 0.0035 | 0.95 | 0.05 | 1.0 | 0.005 | 
0.9624 | 0.035 | 0.0759 | 0.0691 | 0.9942 | 0.0079 | 0.9905 | 0.0035 | 0.95 | 0.05 | 1.0 | 0.005 | 
0.9624 | 0.035 | 0.0854 | 0.0691 | 0.9942 | 0.0079 | 0.9905 | 0.0035 | 0.95 | 0.05 | 1.0 | 0.005 | 
0.9624 | 0.035 | 0.0434 | 0.0175 | 0.9942 | 0.0079 | 0.9905 | 0.0035 | 0.95 | 0.05 | 1.0 | 0.005 | 
0.9624 | 0.035 | 0.0344 | 0.0 | 0.9942 | 0.0079 | 0.9905 | 0.0035 | 0.95 | 0.05 | 1.0 | 0.005 | 
0.9624 | 0.035 | 0.0854 | 0.0532 | 0.9942 | 0.0079 | 0.9905 | 0.0035 | 0.95 | 0.05 | 1.0 | 0.005 | 
0.9624 | 0.035 | 0.1509 | 0.143 | 0.9942 | 0.0079 | 0.9905 | 0.0035 | 0.95 | 0.05 | 1.0 | 0.005 | 
0.9624 | 0.035 | 0.1509 | 0.143 | 0.9942 | 0.0079 | 0.9905 | 0.0035 | 0.95 | 0.05 | 1.0 | 0.005 | 
0.9624 | 0.035 | 0.4275 | 0.4108 | 0.9942 | 0.0079 | 0.9905 | 0.0035 | 0.95 | 0.05 | 1.0 | 0.005 | 
0.9624 | 0.035 | 0.4275 | 0.4108 | 0.9942 | 0.0079 | 0.9905 | 0.0035 | 0.95 | 0.05 | 1.0 | 0.005 | 
0.9624 | 0.035 | 0.1183 | 0.1119 | 0.9942 | 0.0079 | 0.9905 | 0.0035 | 0.95 | 0.05 | 1.0 | 0.005 | 
0.9624 | 0.035 | 0.1183 | 0.1119 | 0.9942 | 0.0079 | 0.9905 | 0.0035 | 0.95 | 0.05 | 1.0 | 0.005 | 
0.9624 | 0.035 | 0.1625 | 0.1119 | 0.9942 | 0.0079 | 0.9905 | 0.0035 | 0.95 | 0.05 | 1.0 | 0.005 | 
0.9624 | 0.035 | 0.0759 | 0.0691 | 0.9942 | 0.0079 | 0.9905 | 0.0035 | 0.95 | 0.05 | 1.0 | 0.005 | 
0.9624 | 0.035 | 0.0759 | 0.0691 | 0.9942 | 0.0079 | 0.9905 | 0.0035 | 0.95 | 0.05 | 1.0 | 0.005 | 
0.9624 | 0.035 | 0.0854 | 0.0691 | 0.9942 | 0.0079 | 0.9905 | 0.0035 | 0.95 | 0.05 | 1.0 | 0.005 | 
0.9624 | 0.035 | 0.0434 | 0.0175 | 0.9942 | 0.0079 | 0.9905 | 0.0035 | 0.95 | 0.05 | 1.0 | 0.005 | 
0.9624 | 0.035 | 0.0053 | 0.0 | 0.9942 | 0.0079 | 0.9905 | 0.0035 | 0.95 | 0.05 | 1.0 | 0.005 | 
0.9624 | 0.035 | 0.0854 | 0.0532 | 0.9942 | 0.0079 | 0.9905 | 0.0035 | 0.95 | 0.05 | 1.0 | 0.005 | 
0.9624 | 0.035 | 0.1509 | 0.143 | 0.9942 | 0.0079 | 0.9905 | 0.0035 | 0.95 | 0.05 | 1.0 | 0.005 | 
0.9624 | 0.035 | 0.1509 | 0.143 | 0.9942 | 0.0079 | 0.9905 | 0.0035 | 0.95 | 0.05 | 1.0 | 0.005 | 
0.9624 | 0.035 | 0.4275 | 0.4108 | 0.9942 | 0.0079 | 0.9905 | 0.0035 | 0.95 | 0.05 | 1.0 | 0.005 | 
0.9624 | 0.035 | 0.4275 | 0.4108 | 0.9942 | 0.0079 | 0.9905 | 0.0035 | 0.95 | 0.05 | 1.0 | 0.005 | 
0.9624 | 0.035 | 0.1183 | 0.1119 | 0.9942 | 0.0079 | 0.9905 | 0.0035 | 0.95 | 0.05 | 1.0 | 0.005 | 
0.9624 | 0.035 | 0.1183 | 0.1119 | 0.9942 | 0.0079 | 0.9905 | 0.0035 | 0.95 | 0.05 | 1.0 | 0.005 | 
0.9624 | 0.035 | 0.1625 | 0.1119 | 0.9942 | 0.0079 | 0.9905 | 0.0035 | 0.95 | 0.05 | 1.0 | 0.005 | 
0.9624 | 0.035 | 0.0759 | 0.0691 | 0.9942 | 0.0079 | 0.9905 | 0.0035 | 0.95 | 0.05 | 1.0 | 0.005 | 
0.9624 | 0.035 | 0.0759 | 0.0691 | 0.9942 | 0.0079 | 0.9905 | 0.0035 | 0.95 | 0.05 | 1.0 | 0.005 | 
0.9624 | 0.035 | 0.0854 | 0.0691 | 0.9942 | 0.0079 | 0.9905 | 0.0035 | 0.95 | 0.05 | 1.0 | 0.005 | 
0.9624 | 0.035 | 0.068 | 0.0353 | 0.9942 | 0.0079 | 0.9905 | 0.0035 | 0.95 | 0.05 | 1.0 | 0.005 | 
0.9624 | 0.035 | 0.068 | 0.0353 | 0.9942 | 0.0079 | 0.9905 | 0.0035 | 0.95 | 0.05 | 1.0 | 0.005 | 
0.9624 | 0.035 | 0.0854 | 0.0532 | 0.9942 | 0.0079 | 0.9905 | 0.0035 | 0.95 | 0.05 | 1.0 | 0.005 | 
0.9624 | 0.035 | 0.1509 | 0.143 | 0.9942 | 0.0079 | 0.9905 | 0.0035 | 0.95 | 0.05 | 1.0 | 0.005 | 
0.9624 | 0.035 | 0.1509 | 0.143 | 0.9942 | 0.0079 | 0.9905 | 0.0035 | 0.95 | 0.05 | 1.0 | 0.005 | 
0.9624 | 0.035 | 0.4275 | 0.4108 | 0.9942 | 0.0079 | 0.9905 | 0.0035 | 0.95 | 0.05 | 1.0 | 0.005 | 
0.9624 | 0.035 | 0.4275 | 0.4108 | 0.9942 | 0.0079 | 0.9905 | 0.0035 | 0.95 | 0.05 | 1.0 | 0.005 | 
0.9624 | 0.035 | 0.1302 | 0.1119 | 0.9942 | 0.0079 | 0.9905 | 0.0035 | 0.95 | 0.05 | 1.0 | 0.005 | 
0.9624 | 0.035 | 0.1625 | 0.1119 | 0.9942 | 0.0079 | 0.9905 | 0.0035 | 0.95 | 0.05 | 1.0 | 0.005 | 
0.9624 | 0.035 | 0.1302 | 0.0818 | 0.9942 | 0.0079 | 0.9905 | 0.0035 | 0.95 | 0.05 | 1.0 | 0.005 | 
0.9624 | 0.035 | 0.1302 | 0.0818 | 0.9942 | 0.0079 | 0.9905 | 0.0035 | 0.95 | 0.05 | 1.0 | 0.005 | 
0.9624 | 0.035 | 0.1302 | 0.0818 | 0.9942 | 0.0079 | 0.9905 | 0.0035 | 0.95 | 0.05 | 1.0 | 0.005 | 
0.9624 | 0.035 | 0.1302 | 0.0818 | 0.9942 | 0.0079 | 0.9905 | 0.0035 | 0.95 | 0.05 | 1.0 | 0.005 | 
0.9624 | 0.035 | 0.1302 | 0.0818 | 0.9942 | 0.0079 | 0.9905 | 0.0035 | 0.95 | 0.05 | 1.0 | 0.005 | 
0.9624 | 0.035 | 0.1509 | 0.143 | 0.9942 | 0.0079 | 0.9905 | 0.0035 | 0.95 | 0.05 | 1.0 | 0.005 | 
0.9624 | 0.035 | 0.4275 | 0.4108 | 0.9942 | 0.0079 | 0.9905 | 0.0035 | 0.95 | 0.05 | 1.0 | 0.005 | 
0.9624 | 0.035 | 0.4275 | 0.4108 | 0.9942 | 0.0079 | 0.9905 | 0.0035 | 0.95 | 0.05 | 1.0 | 0.005 | 
0.9624 | 0.035 | 0.1956 | 0.1275 | 0.9942 | 0.0079 | 0.9905 | 0.0035 | 0.95 | 0.05 | 1.0 | 0.005 | 
0.9624 | 0.035 | 0.1956 | 0.1275 | 0.9942 | 0.0079 | 0.9905 | 0.0035 | 0.95 | 0.05 | 1.0 | 0.005 | 
0.9624 | 0.035 | 0.1956 | 0.1275 | 0.9942 | 0.0079 | 0.9905 | 0.0035 | 0.95 | 0.05 | 1.0 | 0.005 | 
0.9624 | 0.035 | 0.1956 | 0.1275 | 0.9942 | 0.0079 | 0.9905 | 0.0035 | 0.95 | 0.05 | 1.0 | 0.005 | 
0.9624 | 0.035 | 0.1956 | 0.1275 | 0.9942 | 0.0079 | 0.9905 | 0.0035 | 0.95 | 0.05 | 1.0 | 0.005 | 
0.9624 | 0.035 | 0.1956 | 0.1275 | 0.9942 | 0.0079 | 0.9905 | 0.0035 | 0.95 | 0.05 | 1.0 | 0.005 | 
0.9624 | 0.035 | 0.1956 | 0.1275 | 0.9942 | 0.0079 | 0.9905 | 0.0035 | 0.95 | 0.05 | 1.0 | 0.005 | 
0.9624 | 0.035 | 0.1956 | 0.143 | 0.9942 | 0.0079 | 0.9905 | 0.0035 | 0.95 | 0.05 | 1.0 | 0.005 | 
0.9624 | 0.035 | 0.4275 | 0.4108 | 0.9942 | 0.0079 | 0.9905 | 0.0035 | 0.95 | 0.05 | 1.0 | 0.005 | 
0.9624 | 0.035 | 0.4275 | 0.4108 | 0.9942 | 0.0079 | 0.9905 | 0.0035 | 0.95 | 0.05 | 1.0 | 0.005 | 

