 Njbin | Nbbin | Nmumu |  Nee  | Nb/0b   | stat | MC stat | syst+ | syst- | sysKin | sysPur
 3-4  |    0     |   578.0  |498.0 | 1.0 | 0.0 | 0.0 | 0.0 | 0.0 | 0 | 0.0
 3-4  |    0     |   130.0  |104.0 | 1.0 | 0.0 | 0.0 | 0.0 | 0.0 | 0 | 0.0
 3-4  |    0     |   9.0  |9.0 | 1.0 | 0.0 | 0.0 | 0.0 | 0.0 | 0 | 0.0
 3-4  |    0     |   379.0  |284.0 | 1.0 | 0.0 | 0.0 | 0.0 | 0.0 | 0 | 0.0
 3-4  |    0     |   99.0  |94.0 | 1.0 | 0.0 | 0.0 | 0.0 | 0.0 | 0 | 0.0
 3-4  |    0     |   10.0  |5.0 | 1.0 | 0.0 | 0.0 | 0.0 | 0.0 | 0 | 0.0
 3-4  |    0     |   225.0  |200.0 | 1.0 | 0.0 | 0.0 | 0.0 | 0.0 | 0 | 0.0
 3-4  |    0     |   228.0  |194.0 | 1.0 | 0.0 | 0.0 | 0.0 | 0.0 | 0 | 0.0
 3-4  |    0     |   16.0  |9.0 | 1.0 | 0.0 | 0.0 | 0.0 | 0.0 | 0 | 0.0
 3-4  |    0     |   96.0  |82.0 | 1.0 | 0.0 | 0.0 | 0.0 | 0.0 | 0 | 0.0
 3-4  |    0     |   8.0  |3.0 | 1.0 | 0.0 | 0.0 | 0.0 | 0.0 | 0 | 0.0
 3-4  |    0     |   12.0  |12.0 | 1.0 | 0.0 | 0.0 | 0.0 | 0.0 | 0 | 0.0
 3-4  |    0     |   1.0  |2.0 | 1.0 | 0.0 | 0.0 | 0.0 | 0.0 | 0 | 0.0
 3-4  |    1     |   100.0  |73.0 | 0.183238089085 | 0.0574468316046 | 0.0 | 0.0 | 0.0 | 0.07 | 0.0384319229588
 3-4  |    1     |   30.0  |11.0 | 0.172946795821 | 0.0574468316046 | 0.0 | 0.0 | 0.0 | 0.07 | 0.0384319229588
 3-4  |    1     |   3.0  |2.0 | 0.179776698351 | 0.0574468316046 | 0.0 | 0.0 | 0.0 | 0.07 | 0.0384319229588
 3-4  |    1     |   59.0  |51.0 | 0.16805793345 | 0.0574468316046 | 0.0 | 0.0 | 0.0 | 0.07 | 0.0384319229588
 3-4  |    1     |   17.0  |24.0 | 0.177510768175 | 0.0574468316046 | 0.0 | 0.0 | 0.0 | 0.07 | 0.0384319229588
 3-4  |    1     |   1.0  |3.0 | 0.183155179024 | 0.0574468316046 | 0.0 | 0.0 | 0.0 | 0.07 | 0.0384319229588
 3-4  |    1     |   30.0  |32.0 | 0.165939494967 | 0.0574468316046 | 0.0 | 0.0 | 0.0 | 0.07 | 0.0384319229588
 3-4  |    1     |   42.0  |42.0 | 0.178949192166 | 0.0574468316046 | 0.0 | 0.0 | 0.0 | 0.07 | 0.0384319229588
 3-4  |    1     |   1.0  |6.0 | 0.183387055993 | 0.0574468316046 | 0.0 | 0.0 | 0.0 | 0.07 | 0.0384319229588
 3-4  |    1     |   17.0  |16.0 | 0.164283886552 | 0.0574468316046 | 0.0 | 0.0 | 0.0 | 0.07 | 0.0384319229588
 3-4  |    1     |   3.0  |4.0 | 0.174900442362 | 0.0574468316046 | 0.0 | 0.0 | 0.0 | 0.07 | 0.0384319229588
 3-4  |    1     |   4.0  |4.0 | 0.181055665016 | 0.0574468316046 | 0.0 | 0.0 | 0.0 | 0.07 | 0.0384319229588
 3-4  |    1     |   0.0  |1.0 | 0.169831469655 | 0.0574468316046 | 0.0 | 0.0 | 0.0 | 0.07 | 0.0384319229588
 3-4  |    2     |   11.0  |14.0 | 0.0199374500662 | 0.165933328174 | 0.0 | 0.0 | 0.0 | 0.1 | 0.0766880888107
 3-4  |    2     |   3.0  |3.0 | 0.0184112228453 | 0.165933328174 | 0.0 | 0.0 | 0.0 | 0.1 | 0.0766880888107
 3-4  |    2     |   0.0  |0.0 | 0.0194241143763 | 0.165933328174 | 0.0 | 0.0 | 0.0 | 0.1 | 0.0766880888107
 3-4  |    2     |   4.0  |4.0 | 0.0176861900836 | 0.165933328174 | 0.0 | 0.0 | 0.0 | 0.1 | 0.0766880888107
 3-4  |    2     |   3.0  |0.0 | 0.0190880708396 | 0.165933328174 | 0.0 | 0.0 | 0.0 | 0.1 | 0.0766880888107
 3-4  |    2     |   0.0  |1.0 | 0.0199251547456 | 0.165933328174 | 0.0 | 0.0 | 0.0 | 0.1 | 0.0766880888107
 3-4  |    2     |   4.0  |5.0 | 0.0173720177263 | 0.165933328174 | 0.0 | 0.0 | 0.0 | 0.1 | 0.0766880888107
 3-4  |    2     |   4.0  |7.0 | 0.0193013940006 | 0.165933328174 | 0.0 | 0.0 | 0.0 | 0.1 | 0.0766880888107
 3-4  |    2     |   0.0  |0.0 | 0.0199595410377 | 0.165933328174 | 0.0 | 0.0 | 0.0 | 0.1 | 0.0766880888107
 3-4  |    2     |   1.0  |2.0 | 0.0171264857054 | 0.165933328174 | 0.0 | 0.0 | 0.0 | 0.1 | 0.0766880888107
 3-4  |    2     |   0.0  |0.0 | 0.0187009498477 | 0.165933328174 | 0.0 | 0.0 | 0.0 | 0.1 | 0.0766880888107
 3-4  |    2     |   1.0  |0.0 | 0.0196137912571 | 0.165933328174 | 0.0 | 0.0 | 0.0 | 0.1 | 0.0766880888107
 3-4  |    2     |   1.0  |0.0 | 0.0179492104799 | 0.165933328174 | 0.0 | 0.0 | 0.0 | 0.1 | 0.0766880888107
 3-4  |   >=3    |   1.0  |0.0 | 0.0025212392211 | 0.577789040832 | 0.0 | 0.0 | 0.0 | 0.2 | 0.0766880888107
 3-4  |   >=3    |   0.0  |0.0 | 0.00170949171297 | 0.577789040832 | 0.0 | 0.0 | 0.0 | 0.2 | 0.0766880888107
 3-4  |   >=3    |   0.0  |0.0 | 0.00224821502343 | 0.577789040832 | 0.0 | 0.0 | 0.0 | 0.2 | 0.0766880888107
 3-4  |   >=3    |   0.0  |0.0 | 0.00132387166377 | 0.577789040832 | 0.0 | 0.0 | 0.0 | 0.2 | 0.0766880888107
 3-4  |   >=3    |   0.0  |1.0 | 0.00206948420964 | 0.577789040832 | 0.0 | 0.0 | 0.0 | 0.2 | 0.0766880888107
 3-4  |   >=3    |   0.0  |0.0 | 0.00251470017247 | 0.577789040832 | 0.0 | 0.0 | 0.0 | 0.2 | 0.0766880888107
 3-4  |   >=3    |   0.0  |1.0 | 0.001156775048 | 0.577789040832 | 0.0 | 0.0 | 0.0 | 0.2 | 0.0766880888107
 3-4  |   >=3    |   0.0  |0.0 | 0.00218294328079 | 0.577789040832 | 0.0 | 0.0 | 0.0 | 0.2 | 0.0766880888107
 3-4  |   >=3    |   0.0  |0.0 | 0.0025329887867 | 0.577789040832 | 0.0 | 0.0 | 0.0 | 0.2 | 0.0766880888107
 3-4  |   >=3    |   1.0  |0.0 | 0.00102618522942 | 0.577789040832 | 0.0 | 0.0 | 0.0 | 0.2 | 0.0766880888107
 3-4  |   >=3    |   0.0  |0.0 | 0.00186358799692 | 0.577789040832 | 0.0 | 0.0 | 0.0 | 0.2 | 0.0766880888107
 3-4  |   >=3    |   0.0  |0.0 | 0.00234909635037 | 0.577789040832 | 0.0 | 0.0 | 0.0 | 0.2 | 0.0766880888107
 3-4  |   >=3    |   0.0  |0.0 | 0.00146376318298 | 0.577789040832 | 0.0 | 0.0 | 0.0 | 0.2 | 0.0766880888107
 5-6  |    0     |   41.0  |40.0 | 1.0 | 0.0 | 0.0 | 0.0 | 0.0 | 0 | 0.0
 5-6  |    0     |   49.0  |34.0 | 1.0 | 0.0 | 0.0 | 0.0 | 0.0 | 0 | 0.0
 5-6  |    0     |   6.0  |4.0 | 1.0 | 0.0 | 0.0 | 0.0 | 0.0 | 0 | 0.0
 5-6  |    0     |   14.0  |23.0 | 1.0 | 0.0 | 0.0 | 0.0 | 0.0 | 0 | 0.0
 5-6  |    0     |   39.0  |13.0 | 1.0 | 0.0 | 0.0 | 0.0 | 0.0 | 0 | 0.0
 5-6  |    0     |   3.0  |7.0 | 1.0 | 0.0 | 0.0 | 0.0 | 0.0 | 0 | 0.0
 5-6  |    0     |   12.0  |8.0 | 1.0 | 0.0 | 0.0 | 0.0 | 0.0 | 0 | 0.0
 5-6  |    0     |   60.0  |38.0 | 1.0 | 0.0 | 0.0 | 0.0 | 0.0 | 0 | 0.0
 5-6  |    0     |   8.0  |10.0 | 1.0 | 0.0 | 0.0 | 0.0 | 0.0 | 0 | 0.0
 5-6  |    0     |   13.0  |10.0 | 1.0 | 0.0 | 0.0 | 0.0 | 0.0 | 0 | 0.0
 5-6  |    0     |   3.0  |3.0 | 1.0 | 0.0 | 0.0 | 0.0 | 0.0 | 0 | 0.0
 5-6  |    0     |   2.0  |5.0 | 1.0 | 0.0 | 0.0 | 0.0 | 0.0 | 0 | 0.0
 5-6  |    0     |   0.0  |1.0 | 1.0 | 0.0 | 0.0 | 0.0 | 0.0 | 0 | 0.0
 5-6  |    1     |   7.0  |6.0 | 0.276917725801 | 0.127807270671 | 0.0 | 0.0 | 0.0 | 0.07 | 0.0384319229588
 5-6  |    1     |   15.0  |10.0 | 0.265542596579 | 0.127807270671 | 0.0 | 0.0 | 0.0 | 0.07 | 0.0384319229588
 5-6  |    1     |   5.0  |1.0 | 0.273542553186 | 0.127807270671 | 0.0 | 0.0 | 0.0 | 0.07 | 0.0384319229588
 5-6  |    1     |   7.0  |3.0 | 0.263696968555 | 0.127807270671 | 0.0 | 0.0 | 0.0 | 0.07 | 0.0384319229588
 5-6  |    1     |   11.0  |14.0 | 0.272719711065 | 0.127807270671 | 0.0 | 0.0 | 0.0 | 0.07 | 0.0384319229588
 5-6  |    1     |   1.0  |2.0 | 0.271832168102 | 0.127807270671 | 0.0 | 0.0 | 0.0 | 0.07 | 0.0384319229588
 5-6  |    1     |   3.0  |1.0 | 0.264320522547 | 0.127807270671 | 0.0 | 0.0 | 0.0 | 0.07 | 0.0384319229588
 5-6  |    1     |   10.0  |8.0 | 0.272215366364 | 0.127807270671 | 0.0 | 0.0 | 0.0 | 0.07 | 0.0384319229588
 5-6  |    1     |   5.0  |3.0 | 0.278701096773 | 0.127807270671 | 0.0 | 0.0 | 0.0 | 0.07 | 0.0384319229588
 5-6  |    1     |   3.0  |0.0 | 0.26177957654 | 0.127807270671 | 0.0 | 0.0 | 0.0 | 0.07 | 0.0384319229588
 5-6  |    1     |   3.0  |3.0 | 0.270389139652 | 0.127807270671 | 0.0 | 0.0 | 0.0 | 0.07 | 0.0384319229588
 5-6  |    1     |   2.0  |0.0 | 0.277501016855 | 0.127807270671 | 0.0 | 0.0 | 0.0 | 0.07 | 0.0384319229588
 5-6  |    1     |   0.0  |0.0 | 0.271983444691 | 0.127807270671 | 0.0 | 0.0 | 0.0 | 0.07 | 0.0384319229588
 5-6  |    2     |   6.0  |4.0 | 0.0547611378133 | 0.265222806815 | 0.0 | 0.0 | 0.0 | 0.1 | 0.0766880888107
 5-6  |    2     |   2.0  |4.0 | 0.0509697794914 | 0.265222806815 | 0.0 | 0.0 | 0.0 | 0.1 | 0.0766880888107
 5-6  |    2     |   0.0  |1.0 | 0.0536361895502 | 0.265222806815 | 0.0 | 0.0 | 0.0 | 0.1 | 0.0766880888107
 5-6  |    2     |   0.0  |0.0 | 0.0503546223044 | 0.265222806815 | 0.0 | 0.0 | 0.0 | 0.1 | 0.0766880888107
 5-6  |    2     |   1.0  |1.0 | 0.0533619262278 | 0.265222806815 | 0.0 | 0.0 | 0.0 | 0.1 | 0.0766880888107
 5-6  |    2     |   0.0  |0.0 | 0.0530661121011 | 0.265222806815 | 0.0 | 0.0 | 0.0 | 0.1 | 0.0766880888107
 5-6  |    2     |   0.0  |0.0 | 0.0505624562502 | 0.265222806815 | 0.0 | 0.0 | 0.0 | 0.1 | 0.0766880888107
 5-6  |    2     |   4.0  |4.0 | 0.053193833679 | 0.265222806815 | 0.0 | 0.0 | 0.0 | 0.1 | 0.0766880888107
 5-6  |    2     |   3.0  |0.0 | 0.0553555525839 | 0.265222806815 | 0.0 | 0.0 | 0.0 | 0.1 | 0.0766880888107
 5-6  |    2     |   2.0  |0.0 | 0.0497155375779 | 0.265222806815 | 0.0 | 0.0 | 0.0 | 0.1 | 0.0766880888107
 5-6  |    2     |   0.0  |0.0 | 0.0525851435959 | 0.265222806815 | 0.0 | 0.0 | 0.0 | 0.1 | 0.0766880888107
 5-6  |    2     |   0.0  |0.0 | 0.054955560714 | 0.265222806815 | 0.0 | 0.0 | 0.0 | 0.1 | 0.0766880888107
 5-6  |    2     |   0.0  |0.0 | 0.0531165264547 | 0.265222806815 | 0.0 | 0.0 | 0.0 | 0.1 | 0.0766880888107
 5-6  |   >=3    |   0.0  |0.0 | 0.00490956474096 | 1.00183654884 | 0.0 | 0.0 | 0.0 | 0.2 | 0.0766880888107
 5-6  |   >=3    |   0.0  |0.0 | 0.00233131693676 | 1.00183654884 | 0.0 | 0.0 | 0.0 | 0.2 | 0.0766880888107
 5-6  |   >=3    |   1.0  |0.0 | 0.00414456380531 | 1.00183654884 | 0.0 | 0.0 | 0.0 | 0.2 | 0.0766880888107
 5-6  |   >=3    |   0.0  |0.0 | 0.0019129923312 | 1.00183654884 | 0.0 | 0.0 | 0.0 | 0.2 | 0.0766880888107
 5-6  |   >=3    |   0.0  |0.0 | 0.0039580585435 | 1.00183654884 | 0.0 | 0.0 | 0.0 | 0.2 | 0.0766880888107
 5-6  |   >=3    |   0.0  |0.0 | 0.00375689216889 | 1.00183654884 | 0.0 | 0.0 | 0.0 | 0.2 | 0.0766880888107
 5-6  |   >=3    |   0.0  |0.0 | 0.0020543243736 | 1.00183654884 | 0.0 | 0.0 | 0.0 | 0.2 | 0.0766880888107
 5-6  |   >=3    |   1.0  |0.0 | 0.00384374847636 | 1.00183654884 | 0.0 | 0.0 | 0.0 | 0.2 | 0.0766880888107
 5-6  |   >=3    |   0.0  |0.0 | 0.00531378667802 | 1.00183654884 | 0.0 | 0.0 | 0.0 | 0.2 | 0.0766880888107
 5-6  |   >=3    |   0.0  |0.0 | 0.00147839612328 | 1.00183654884 | 0.0 | 0.0 | 0.0 | 0.2 | 0.0766880888107
 5-6  |   >=3    |   0.0  |0.0 | 0.00342981843278 | 1.00183654884 | 0.0 | 0.0 | 0.0 | 0.2 | 0.0766880888107
 5-6  |   >=3    |   0.0  |0.0 | 0.00504178088158 | 1.00183654884 | 0.0 | 0.0 | 0.0 | 0.2 | 0.0766880888107
 5-6  |   >=3    |   0.0  |0.0 | 0.00379117787816 | 1.00183654884 | 0.0 | 0.0 | 0.0 | 0.2 | 0.0766880888107
 7-8  |    0     |   0.0  |1.0 | 1.0 | 0.0 | 0.0 | 0.0 | 0.0 | 0 | 0.0
 7-8  |    0     |   5.0  |2.0 | 1.0 | 0.0 | 0.0 | 0.0 | 0.0 | 0 | 0.0
 7-8  |    0     |   1.0  |1.0 | 1.0 | 0.0 | 0.0 | 0.0 | 0.0 | 0 | 0.0
 7-8  |    0     |   0.0  |1.0 | 1.0 | 0.0 | 0.0 | 0.0 | 0.0 | 0 | 0.0
 7-8  |    0     |   1.0  |3.0 | 1.0 | 0.0 | 0.0 | 0.0 | 0.0 | 0 | 0.0
 7-8  |    0     |   1.0  |0.0 | 1.0 | 0.0 | 0.0 | 0.0 | 0.0 | 0 | 0.0
 7-8  |    0     |   0.0  |0.0 | 1.0 | 0.0 | 0.0 | 0.0 | 0.0 | 0 | 0.0
 7-8  |    0     |   6.0  |2.0 | 1.0 | 0.0 | 0.0 | 0.0 | 0.0 | 0 | 0.0
 7-8  |    0     |   4.0  |2.0 | 1.0 | 0.0 | 0.0 | 0.0 | 0.0 | 0 | 0.0
 7-8  |    0     |   0.0  |1.0 | 1.0 | 0.0 | 0.0 | 0.0 | 0.0 | 0 | 0.0
 7-8  |    0     |   1.0  |0.0 | 1.0 | 0.0 | 0.0 | 0.0 | 0.0 | 0 | 0.0
 7-8  |    0     |   0.0  |0.0 | 1.0 | 0.0 | 0.0 | 0.0 | 0.0 | 0 | 0.0
 7-8  |    0     |   0.0  |0.0 | 1.0 | 0.0 | 0.0 | 0.0 | 0.0 | 0 | 0.0
 7-8  |    1     |   2.0  |0.0 | 0.475043565035 | 0.127807270671 | 0.0528014227872 | 0.00543188676238 | 0.162263169885 | 0.07 | 0.0384319229588
 7-8  |    1     |   3.0  |0.0 | 0.4517365098 | 0.127807270671 | 0.0528014227872 | 0.0121600339189 | 0.154090106487 | 0.07 | 0.0384319229588
 7-8  |    1     |   0.0  |0.0 | 0.516478300095 | 0.127807270671 | 0.0528014227872 | 0.0350845828652 | 0.176039591432 | 0.07 | 0.0384319229588
 7-8  |    1     |   0.0  |0.0 | 0.457366198301 | 0.127807270671 | 0.0528014227872 | 0.00784757733345 | 0.156093582511 | 0.07 | 0.0384319229588
 7-8  |    1     |   1.0  |2.0 | 0.462835103273 | 0.127807270671 | 0.0528014227872 | 0.0036973443348 | 0.158021822572 | 0.07 | 0.0384319229588
 7-8  |    1     |   0.0  |1.0 | 0.466969877481 | 0.127807270671 | 0.0528014227872 | 0.00058463512687 | 0.159467980266 | 0.07 | 0.0384319229588
 7-8  |    1     |   0.0  |0.0 | 0.464684873819 | 0.127807270671 | 0.0528014227872 | 0.00230212253518 | 0.158670023084 | 0.07 | 0.0384319229588
 7-8  |    1     |   1.0  |2.0 | 0.467218220234 | 0.127807270671 | 0.0528014227872 | 0.000398282136302 | 0.159554511309 | 0.07 | 0.0384319229588
 7-8  |    1     |   0.0  |3.0 | 0.468625694513 | 0.127807270671 | 0.0528014227872 | 0.000655867857859 | 0.160044282675 | 0.07 | 0.0384319229588
 7-8  |    1     |   0.0  |0.0 | 0.467921972275 | 0.127807270671 | 0.0528014227872 | 0.000129054038553 | 0.159799560905 | 0.07 | 0.0384319229588
 7-8  |    1     |   1.0  |0.0 | 0.465486973524 | 0.127807270671 | 0.0528014227872 | 0.00169847568031 | 0.158950462937 | 0.07 | 0.0384319229588
 7-8  |    1     |   1.0  |0.0 | 0.470685362816 | 0.127807270671 | 0.0528014227872 | 0.00219418341294 | 0.160758957267 | 0.07 | 0.0384319229588
 7-8  |    1     |   0.0  |0.0 | 0.461958885193 | 0.127807270671 | 0.0528014227872 | 0.004359732382 | 0.157714083791 | 0.07 | 0.0384319229588
 7-8  |    2     |   0.0  |0.0 | 0.174763455987 | 0.265222806815 | 0.0977398508317 | 0.243655264378 | 0.186017170548 | 0.1 | 0.0766880888107
 7-8  |    2     |   0.0  |0.0 | 0.137473627925 | 0.265222806815 | 0.0977398508317 | 0.242658182979 | 0.139589473605 | 0.1 | 0.0766880888107
 7-8  |    2     |   0.0  |0.0 | 0.241056501865 | 0.265222806815 | 0.0977398508317 | 0.24498860538 | 0.248096644878 | 0.1 | 0.0766880888107
 7-8  |    2     |   0.0  |0.0 | 0.146480828524 | 0.265222806815 | 0.0977398508317 | 0.242920011282 | 0.151784941554 | 0.1 | 0.0766880888107
 7-8  |    2     |   0.0  |1.0 | 0.155230686069 | 0.265222806815 | 0.0977398508317 | 0.243160918355 | 0.162998318672 | 0.1 | 0.0766880888107
 7-8  |    2     |   0.0  |0.0 | 0.161846071482 | 0.265222806815 | 0.0977398508317 | 0.243334829807 | 0.17109169066 | 0.1 | 0.0766880888107
 7-8  |    2     |   0.0  |0.0 | 0.158190205693 | 0.265222806815 | 0.0977398508317 | 0.24323952198 | 0.166658580303 | 0.1 | 0.0766880888107
 7-8  |    2     |   0.0  |0.0 | 0.162243455648 | 0.265222806815 | 0.0977398508317 | 0.243344992399 | 0.171567797661 | 0.1 | 0.0766880888107
 7-8  |    2     |   0.0  |1.0 | 0.164495244622 | 0.265222806815 | 0.0977398508317 | 0.243402451277 | 0.174244850874 | 0.1 | 0.0766880888107
 7-8  |    2     |   0.0  |0.0 | 0.163369342685 | 0.265222806815 | 0.0977398508317 | 0.243373781443 | 0.172910749912 | 0.1 | 0.0766880888107
 7-8  |    2     |   0.0  |0.0 | 0.159473538399 | 0.265222806815 | 0.0977398508317 | 0.243273288012 | 0.168225750327 | 0.1 | 0.0766880888107
 7-8  |    2     |   0.0  |0.0 | 0.167790561914 | 0.265222806815 | 0.0977398508317 | 0.243485197425 | 0.178099319339 | 0.1 | 0.0766880888107
 7-8  |    2     |   0.0  |0.0 | 0.153828814626 | 0.265222806815 | 0.0977398508317 | 0.243123203516 | 0.161241695285 | 0.1 | 0.0766880888107
 7-8  |   >=3    |   0.0  |0.0 | 0.0352116152644 | 1.00183654884 | 0.178858591745 | 0.129243195057 | 0.37112224102 | 0.2 | 0.0766880888107
 7-8  |   >=3    |   0.0  |0.0 | 0.0262090470642 | 1.00183654884 | 0.178858591745 | 0.213818639517 | 0.296560794115 | 0.2 | 0.0766880888107
 7-8  |   >=3    |   0.0  |0.0 | 0.0512161850929 | 1.00183654884 | 0.178858591745 | 0.0542262420058 | 0.437256872654 | 0.2 | 0.0766880888107
 7-8  |   >=3    |   0.0  |0.0 | 0.0283835809678 | 1.00183654884 | 0.178858591745 | 0.188237711787 | 0.319112807512 | 0.2 | 0.0766880888107
 7-8  |   >=3    |   0.0  |0.0 | 0.0304959844798 | 1.00183654884 | 0.178858591745 | 0.167037680745 | 0.337802708149 | 0.2 | 0.0766880888107
 7-8  |   >=3    |   0.0  |0.0 | 0.032093077898 | 1.00183654884 | 0.178858591745 | 0.152940630913 | 0.35023060441 | 0.2 | 0.0766880888107
 7-8  |   >=3    |   0.0  |0.0 | 0.0312104765326 | 1.00183654884 | 0.178858591745 | 0.160544902086 | 0.343526691198 | 0.2 | 0.0766880888107
 7-8  |   >=3    |   0.0  |1.0 | 0.0321890152991 | 1.00183654884 | 0.178858591745 | 0.152140304446 | 0.350936233997 | 0.2 | 0.0766880888107
 7-8  |   >=3    |   0.0  |0.0 | 0.0327326469123 | 1.00183654884 | 0.178858591745 | 0.14769718051 | 0.354853212833 | 0.2 | 0.0766880888107
 7-8  |   >=3    |   0.0  |0.0 | 0.0324608311057 | 1.00183654884 | 0.178858591745 | 0.149899363518 | 0.352911770344 | 0.2 | 0.0766880888107
 7-8  |   >=3    |   0.0  |1.0 | 0.0315202958882 | 1.00183654884 | 0.178858591745 | 0.157825052738 | 0.345924586058 | 0.2 | 0.0766880888107
 7-8  |   >=3    |   0.0  |0.0 | 0.0335282087326 | 1.00183654884 | 0.178858591745 | 0.141465425491 | 0.360347121954 | 0.2 | 0.0766880888107
 7-8  |   >=3    |   0.0  |0.0 | 0.0301575418562 | 1.00183654884 | 0.178858591745 | 0.170225456357 | 0.334992438555 | 0.2 | 0.0766880888107
 9+   |    0     |   0.0  |0.0 | 1.0 | 0.0 | 0.0 | 0.0 | 0.0 | 0 | 0.0
 9+   |    0     |   0.0  |0.0 | 1.0 | 0.0 | 0.0 | 0.0 | 0.0 | 0 | 0.0
 9+   |    0     |   0.0  |0.0 | 1.0 | 0.0 | 0.0 | 0.0 | 0.0 | 0 | 0.0
 9+   |    0     |   0.0  |0.0 | 1.0 | 0.0 | 0.0 | 0.0 | 0.0 | 0 | 0.0
 9+   |    0     |   0.0  |0.0 | 1.0 | 0.0 | 0.0 | 0.0 | 0.0 | 0 | 0.0
 9+   |    0     |   0.0  |0.0 | 1.0 | 0.0 | 0.0 | 0.0 | 0.0 | 0 | 0.0
 9+   |    0     |   0.0  |0.0 | 1.0 | 0.0 | 0.0 | 0.0 | 0.0 | 0 | 0.0
 9+   |    0     |   0.0  |0.0 | 1.0 | 0.0 | 0.0 | 0.0 | 0.0 | 0 | 0.0
 9+   |    0     |   1.0  |0.0 | 1.0 | 0.0 | 0.0 | 0.0 | 0.0 | 0 | 0.0
 9+   |    0     |   0.0  |0.0 | 1.0 | 0.0 | 0.0 | 0.0 | 0.0 | 0 | 0.0
 9+   |    0     |   0.0  |0.0 | 1.0 | 0.0 | 0.0 | 0.0 | 0.0 | 0 | 0.0
 9+   |    0     |   0.0  |0.0 | 1.0 | 0.0 | 0.0 | 0.0 | 0.0 | 0 | 0.0
 9+   |    0     |   0.0  |0.0 | 1.0 | 0.0 | 0.0 | 0.0 | 0.0 | 0 | 0.0
 9+   |    1     |   0.0  |0.0 | 0.851414978504 | 0.127807270671 | 0.144358900786 | 0.0436563566327 | 0.27598002553 | 0.07 | 0.0384319229588
 9+   |    1     |   0.0  |0.0 | 0.851415038109 | 0.127807270671 | 0.144358900786 | 0.0436563678086 | 0.275980055332 | 0.07 | 0.0384319229588
 9+   |    1     |   0.0  |1.0 | 0.851415038109 | 0.127807270671 | 0.144358900786 | 0.0436563678086 | 0.275980055332 | 0.07 | 0.0384319229588
 9+   |    1     |   0.0  |0.0 | 0.851415038109 | 0.127807270671 | 0.144358900786 | 0.0436563640833 | 0.275980055332 | 0.07 | 0.0384319229588
 9+   |    1     |   0.0  |0.0 | 0.851415038109 | 0.127807270671 | 0.144358900786 | 0.0436563640833 | 0.275980055332 | 0.07 | 0.0384319229588
 9+   |    1     |   0.0  |0.0 | 0.851414978504 | 0.127807270671 | 0.144358900786 | 0.0436563566327 | 0.27598002553 | 0.07 | 0.0384319229588
 9+   |    1     |   0.0  |0.0 | 0.851415038109 | 0.127807270671 | 0.144358900786 | 0.0436563678086 | 0.275980055332 | 0.07 | 0.0384319229588
 9+   |    1     |   0.0  |0.0 | 0.851414978504 | 0.127807270671 | 0.144358900786 | 0.0436563566327 | 0.27598002553 | 0.07 | 0.0384319229588
 9+   |    1     |   0.0  |0.0 | 0.851415038109 | 0.127807270671 | 0.144358900786 | 0.0436563938856 | 0.275980055332 | 0.07 | 0.0384319229588
 9+   |    1     |   1.0  |0.0 | 0.851415038109 | 0.127807270671 | 0.144358900786 | 0.0436563678086 | 0.275980055332 | 0.07 | 0.0384319229588
 9+   |    1     |   0.0  |0.0 | 0.851415038109 | 0.127807270671 | 0.144358900786 | 0.0436563938856 | 0.275980055332 | 0.07 | 0.0384319229588
 9+   |    1     |   0.0  |0.0 | 0.851414978504 | 0.127807270671 | 0.144358900786 | 0.0436563566327 | 0.27598002553 | 0.07 | 0.0384319229588
 9+   |    1     |   0.0  |0.0 | 0.851415038109 | 0.127807270671 | 0.144358900786 | 0.0436563678086 | 0.275980055332 | 0.07 | 0.0384319229588
 9+   |    2     |   0.0  |0.0 | 0.422964096069 | 0.265222806815 | 0.248261479818 | 0.205675125122 | 0.349946498871 | 0.1 | 0.0766880888107
 9+   |    2     |   0.0  |0.0 | 0.422964096069 | 0.265222806815 | 0.248261479818 | 0.20567509532 | 0.349946498871 | 0.1 | 0.0766880888107
 9+   |    2     |   0.0  |0.0 | 0.422964096069 | 0.265222806815 | 0.248261479818 | 0.20567509532 | 0.349946498871 | 0.1 | 0.0766880888107
 9+   |    2     |   0.0  |0.0 | 0.422964096069 | 0.265222806815 | 0.248261479818 | 0.205675110221 | 0.349946498871 | 0.1 | 0.0766880888107
 9+   |    2     |   0.0  |0.0 | 0.422964096069 | 0.265222806815 | 0.248261479818 | 0.205675110221 | 0.349946498871 | 0.1 | 0.0766880888107
 9+   |    2     |   0.0  |0.0 | 0.422964096069 | 0.265222806815 | 0.248261479818 | 0.205675125122 | 0.349946498871 | 0.1 | 0.0766880888107
 9+   |    2     |   0.0  |0.0 | 0.422964096069 | 0.265222806815 | 0.248261479818 | 0.20567509532 | 0.349946498871 | 0.1 | 0.0766880888107
 9+   |    2     |   0.0  |0.0 | 0.422964096069 | 0.265222806815 | 0.248261479818 | 0.205675125122 | 0.349946498871 | 0.1 | 0.0766880888107
 9+   |    2     |   0.0  |0.0 | 0.422964096069 | 0.265222806815 | 0.248261479818 | 0.205675050616 | 0.349946498871 | 0.1 | 0.0766880888107
 9+   |    2     |   0.0  |0.0 | 0.422964096069 | 0.265222806815 | 0.248261479818 | 0.20567509532 | 0.349946498871 | 0.1 | 0.0766880888107
 9+   |    2     |   0.0  |0.0 | 0.422964096069 | 0.265222806815 | 0.248261479818 | 0.205675050616 | 0.349946498871 | 0.1 | 0.0766880888107
 9+   |    2     |   0.0  |0.0 | 0.422964096069 | 0.265222806815 | 0.248261479818 | 0.205675125122 | 0.349946498871 | 0.1 | 0.0766880888107
 9+   |    2     |   0.0  |0.0 | 0.422964096069 | 0.265222806815 | 0.248261479818 | 0.20567509532 | 0.349946498871 | 0.1 | 0.0766880888107
 9+   |   >=3    |   0.0  |0.0 | 0.170825853944 | 1.00183654884 | 0.43622465112 | 0.973670244217 | 0.37385854125 | 0.2 | 0.0766880888107
 9+   |   >=3    |   0.0  |0.0 | 0.170825853944 | 1.00183654884 | 0.43622465112 | 0.973670184612 | 0.373858571053 | 0.2 | 0.0766880888107
 9+   |   >=3    |   0.0  |0.0 | 0.170825853944 | 1.00183654884 | 0.43622465112 | 0.973670184612 | 0.373858571053 | 0.2 | 0.0766880888107
 9+   |   >=3    |   0.0  |0.0 | 0.170825853944 | 1.00183654884 | 0.43622465112 | 0.973670065403 | 0.37385854125 | 0.2 | 0.0766880888107
 9+   |   >=3    |   0.0  |0.0 | 0.170825853944 | 1.00183654884 | 0.43622465112 | 0.973670065403 | 0.37385854125 | 0.2 | 0.0766880888107
 9+   |   >=3    |   0.0  |0.0 | 0.170825853944 | 1.00183654884 | 0.43622465112 | 0.973670244217 | 0.37385854125 | 0.2 | 0.0766880888107
 9+   |   >=3    |   0.0  |0.0 | 0.170825853944 | 1.00183654884 | 0.43622465112 | 0.973670184612 | 0.373858571053 | 0.2 | 0.0766880888107
 9+   |   >=3    |   0.0  |0.0 | 0.170825853944 | 1.00183654884 | 0.43622465112 | 0.973670244217 | 0.37385854125 | 0.2 | 0.0766880888107
 9+   |   >=3    |   0.0  |0.0 | 0.170825853944 | 1.00183654884 | 0.43622465112 | 0.973670244217 | 0.373858630657 | 0.2 | 0.0766880888107
 9+   |   >=3    |   0.0  |0.0 | 0.170825853944 | 1.00183654884 | 0.43622465112 | 0.973670184612 | 0.373858571053 | 0.2 | 0.0766880888107
 9+   |   >=3    |   0.0  |0.0 | 0.170825853944 | 1.00183654884 | 0.43622465112 | 0.973670244217 | 0.373858630657 | 0.2 | 0.0766880888107
 9+   |   >=3    |   0.0  |0.0 | 0.170825853944 | 1.00183654884 | 0.43622465112 | 0.973670244217 | 0.37385854125 | 0.2 | 0.0766880888107
 9+   |   >=3    |   0.0  |0.0 | 0.170825853944 | 1.00183654884 | 0.43622465112 | 0.973670184612 | 0.373858571053 | 0.2 | 0.0766880888107
