 Njbin | Nbbin | Nmumu |  Nee  | Nb/0b   | stat | MC stat | syst+ | syst- | sysKin | sysPur
 3-4  |    0     |   99.0  |88.0 | 1.0 | 0.0 | 0.0 | 0.0 | 0.0 | 0 | 0.0
 3-4  |    0     |   70.0  |51.0 | 1.0 | 0.0 | 0.0 | 0.0 | 0.0 | 0 | 0.0
 3-4  |    0     |   8.0  |5.0 | 1.0 | 0.0 | 0.0 | 0.0 | 0.0 | 0 | 0.0
 3-4  |    0     |   33.0  |24.0 | 1.0 | 0.0 | 0.0 | 0.0 | 0.0 | 0 | 0.0
 3-4  |    0     |   51.0  |38.0 | 1.0 | 0.0 | 0.0 | 0.0 | 0.0 | 0 | 0.0
 3-4  |    0     |   5.0  |3.0 | 1.0 | 0.0 | 0.0 | 0.0 | 0.0 | 0 | 0.0
 3-4  |    0     |   11.0  |14.0 | 1.0 | 0.0 | 0.0 | 0.0 | 0.0 | 0 | 0.0
 3-4  |    0     |   66.0  |42.0 | 1.0 | 0.0 | 0.0 | 0.0 | 0.0 | 0 | 0.0
 3-4  |    0     |   14.0  |21.0 | 1.0 | 0.0 | 0.0 | 0.0 | 0.0 | 0 | 0.0
 3-4  |    0     |   13.0  |18.0 | 1.0 | 0.0 | 0.0 | 0.0 | 0.0 | 0 | 0.0
 3-4  |    0     |   8.0  |7.0 | 1.0 | 0.0 | 0.0 | 0.0 | 0.0 | 0 | 0.0
 3-4  |    0     |   4.0  |4.0 | 1.0 | 0.0 | 0.0 | 0.0 | 0.0 | 0 | 0.0
 3-4  |    0     |   0.0  |0.0 | 1.0 | 0.0 | 0.0 | 0.0 | 0.0 | 0 | 0.0
 3-4  |    1     |   9.0  |11.0 | 0.177384018898 | 0.136134456847 | 0.0 | 0.0 | 0.0 | 0.07 | 0.0384319229588
 3-4  |    1     |   4.0  |13.0 | 0.153976395726 | 0.136134456847 | 0.0 | 0.0 | 0.0 | 0.07 | 0.0384319229588
 3-4  |    1     |   2.0  |2.0 | 0.183270931244 | 0.136134456847 | 0.0 | 0.0 | 0.0 | 0.07 | 0.0384319229588
 3-4  |    1     |   8.0  |5.0 | 0.148732453585 | 0.136134456847 | 0.0 | 0.0 | 0.0 | 0.07 | 0.0384319229588
 3-4  |    1     |   11.0  |7.0 | 0.16858266294 | 0.136134456847 | 0.0 | 0.0 | 0.0 | 0.07 | 0.0384319229588
 3-4  |    1     |   1.0  |2.0 | 0.181580767035 | 0.136134456847 | 0.0 | 0.0 | 0.0 | 0.07 | 0.0384319229588
 3-4  |    1     |   3.0  |1.0 | 0.147971436381 | 0.136134456847 | 0.0 | 0.0 | 0.0 | 0.07 | 0.0384319229588
 3-4  |    1     |   6.0  |8.0 | 0.163433939219 | 0.136134456847 | 0.0 | 0.0 | 0.0 | 0.07 | 0.0384319229588
 3-4  |    1     |   1.0  |2.0 | 0.164452388883 | 0.136134456847 | 0.0 | 0.0 | 0.0 | 0.07 | 0.0384319229588
 3-4  |    1     |   1.0  |4.0 | 0.140000998974 | 0.136134456847 | 0.0 | 0.0 | 0.0 | 0.07 | 0.0384319229588
 3-4  |    1     |   3.0  |0.0 | 0.167893335223 | 0.136134456847 | 0.0 | 0.0 | 0.0 | 0.07 | 0.0384319229588
 3-4  |    1     |   0.0  |0.0 | 0.181517392397 | 0.136134456847 | 0.0 | 0.0 | 0.0 | 0.07 | 0.0384319229588
 3-4  |    1     |   0.0  |0.0 | 0.155090421438 | 0.136134456847 | 0.0 | 0.0 | 0.0 | 0.07 | 0.0384319229588
 3-4  |    2     |   1.0  |2.0 | 0.0396920852363 | 0.282103972661 | 0.0 | 0.0 | 0.0 | 0.1 | 0.0766880888107
 3-4  |    2     |   3.0  |1.0 | 0.0322824120522 | 0.282103972661 | 0.0 | 0.0 | 0.0 | 0.1 | 0.0766880888107
 3-4  |    2     |   0.0  |0.0 | 0.041555583477 | 0.282103972661 | 0.0 | 0.0 | 0.0 | 0.1 | 0.0766880888107
 3-4  |    2     |   2.0  |2.0 | 0.0306224375963 | 0.282103972661 | 0.0 | 0.0 | 0.0 | 0.1 | 0.0766880888107
 3-4  |    2     |   2.0  |0.0 | 0.0369060188532 | 0.282103972661 | 0.0 | 0.0 | 0.0 | 0.1 | 0.0766880888107
 3-4  |    2     |   0.0  |1.0 | 0.0410205610096 | 0.282103972661 | 0.0 | 0.0 | 0.0 | 0.1 | 0.0766880888107
 3-4  |    2     |   0.0  |0.0 | 0.0303815416992 | 0.282103972661 | 0.0 | 0.0 | 0.0 | 0.1 | 0.0766880888107
 3-4  |    2     |   4.0  |1.0 | 0.0352761931717 | 0.282103972661 | 0.0 | 0.0 | 0.0 | 0.1 | 0.0766880888107
 3-4  |    2     |   0.0  |1.0 | 0.0355985797942 | 0.282103972661 | 0.0 | 0.0 | 0.0 | 0.1 | 0.0766880888107
 3-4  |    2     |   0.0  |0.0 | 0.0278585013002 | 0.282103972661 | 0.0 | 0.0 | 0.0 | 0.1 | 0.0766880888107
 3-4  |    2     |   0.0  |0.0 | 0.0366878136992 | 0.282103972661 | 0.0 | 0.0 | 0.0 | 0.1 | 0.0766880888107
 3-4  |    2     |   0.0  |0.0 | 0.0410005003214 | 0.282103972661 | 0.0 | 0.0 | 0.0 | 0.1 | 0.0766880888107
 3-4  |    2     |   0.0  |0.0 | 0.0326350517571 | 0.282103972661 | 0.0 | 0.0 | 0.0 | 0.1 | 0.0766880888107
 3-4  |   >=3    |   0.0  |1.0 | 0.00567425927147 | 0.708984890155 | 0.0 | 0.0 | 0.0 | 0.2 | 0.0766880888107
 3-4  |   >=3    |   0.0  |1.0 | 0.00501714088023 | 0.708984890155 | 0.0 | 0.0 | 0.0 | 0.2 | 0.0766880888107
 3-4  |   >=3    |   0.0  |0.0 | 0.00583952106535 | 0.708984890155 | 0.0 | 0.0 | 0.0 | 0.2 | 0.0766880888107
 3-4  |   >=3    |   0.0  |0.0 | 0.00486992811784 | 0.708984890155 | 0.0 | 0.0 | 0.0 | 0.2 | 0.0766880888107
 3-4  |   >=3    |   1.0  |0.0 | 0.00542717985809 | 0.708984890155 | 0.0 | 0.0 | 0.0 | 0.2 | 0.0766880888107
 3-4  |   >=3    |   0.0  |0.0 | 0.00579207343981 | 0.708984890155 | 0.0 | 0.0 | 0.0 | 0.2 | 0.0766880888107
 3-4  |   >=3    |   0.0  |0.0 | 0.0048485645093 | 0.708984890155 | 0.0 | 0.0 | 0.0 | 0.2 | 0.0766880888107
 3-4  |   >=3    |   0.0  |0.0 | 0.00528264092281 | 0.708984890155 | 0.0 | 0.0 | 0.0 | 0.2 | 0.0766880888107
 3-4  |   >=3    |   0.0  |0.0 | 0.00531123112887 | 0.708984890155 | 0.0 | 0.0 | 0.0 | 0.2 | 0.0766880888107
 3-4  |   >=3    |   1.0  |0.0 | 0.00462481193244 | 0.708984890155 | 0.0 | 0.0 | 0.0 | 0.2 | 0.0766880888107
 3-4  |   >=3    |   0.0  |0.0 | 0.00540782837197 | 0.708984890155 | 0.0 | 0.0 | 0.0 | 0.2 | 0.0766880888107
 3-4  |   >=3    |   0.0  |0.0 | 0.00579029414803 | 0.708984890155 | 0.0 | 0.0 | 0.0 | 0.2 | 0.0766880888107
 3-4  |   >=3    |   0.0  |0.0 | 0.00504841469228 | 0.708984890155 | 0.0 | 0.0 | 0.0 | 0.2 | 0.0766880888107
 5-6  |    0     |   4.0  |5.0 | 1.0 | 0.0 | 0.0 | 0.0 | 0.0 | 0 | 0.0
 5-6  |    0     |   17.0  |13.0 | 1.0 | 0.0 | 0.0 | 0.0 | 0.0 | 0 | 0.0
 5-6  |    0     |   4.0  |5.0 | 1.0 | 0.0 | 0.0 | 0.0 | 0.0 | 0 | 0.0
 5-6  |    0     |   2.0  |3.0 | 1.0 | 0.0 | 0.0 | 0.0 | 0.0 | 0 | 0.0
 5-6  |    0     |   7.0  |9.0 | 1.0 | 0.0 | 0.0 | 0.0 | 0.0 | 0 | 0.0
 5-6  |    0     |   4.0  |5.0 | 1.0 | 0.0 | 0.0 | 0.0 | 0.0 | 0 | 0.0
 5-6  |    0     |   1.0  |0.0 | 1.0 | 0.0 | 0.0 | 0.0 | 0.0 | 0 | 0.0
 5-6  |    0     |   7.0  |10.0 | 1.0 | 0.0 | 0.0 | 0.0 | 0.0 | 0 | 0.0
 5-6  |    0     |   7.0  |7.0 | 1.0 | 0.0 | 0.0 | 0.0 | 0.0 | 0 | 0.0
 5-6  |    0     |   1.0  |2.0 | 1.0 | 0.0 | 0.0 | 0.0 | 0.0 | 0 | 0.0
 5-6  |    0     |   7.0  |2.0 | 1.0 | 0.0 | 0.0 | 0.0 | 0.0 | 0 | 0.0
 5-6  |    0     |   0.0  |1.0 | 1.0 | 0.0 | 0.0 | 0.0 | 0.0 | 0 | 0.0
 5-6  |    0     |   0.0  |0.0 | 1.0 | 0.0 | 0.0 | 0.0 | 0.0 | 0 | 0.0
 5-6  |    1     |   0.0  |4.0 | 0.342951565981 | 0.227584867236 | 0.0 | 0.0 | 0.0 | 0.07 | 0.0384319229588
 5-6  |    1     |   5.0  |1.0 | 0.295174509287 | 0.227584867236 | 0.0 | 0.0 | 0.0 | 0.07 | 0.0384319229588
 5-6  |    1     |   1.0  |0.0 | 0.333985984325 | 0.227584867236 | 0.0 | 0.0 | 0.0 | 0.07 | 0.0384319229588
 5-6  |    1     |   0.0  |0.0 | 0.296859294176 | 0.227584867236 | 0.0 | 0.0 | 0.0 | 0.07 | 0.0384319229588
 5-6  |    1     |   3.0  |2.0 | 0.322137475014 | 0.227584867236 | 0.0 | 0.0 | 0.0 | 0.07 | 0.0384319229588
 5-6  |    1     |   3.0  |0.0 | 0.315966367722 | 0.227584867236 | 0.0 | 0.0 | 0.0 | 0.07 | 0.0384319229588
 5-6  |    1     |   0.0  |0.0 | 0.286246925592 | 0.227584867236 | 0.0 | 0.0 | 0.0 | 0.07 | 0.0384319229588
 5-6  |    1     |   3.0  |2.0 | 0.319373726845 | 0.227584867236 | 0.0 | 0.0 | 0.0 | 0.07 | 0.0384319229588
 5-6  |    1     |   3.0  |3.0 | 0.344738930464 | 0.227584867236 | 0.0 | 0.0 | 0.0 | 0.07 | 0.0384319229588
 5-6  |    1     |   0.0  |1.0 | 0.295174509287 | 0.227584867236 | 0.0 | 0.0 | 0.0 | 0.07 | 0.0384319229588
 5-6  |    1     |   2.0  |2.0 | 0.316170871258 | 0.227584867236 | 0.0 | 0.0 | 0.0 | 0.07 | 0.0384319229588
 5-6  |    1     |   1.0  |0.0 | 0.328795403242 | 0.227584867236 | 0.0 | 0.0 | 0.0 | 0.07 | 0.0384319229588
 5-6  |    1     |   0.0  |1.0 | 0.308713376522 | 0.227584867236 | 0.0 | 0.0 | 0.0 | 0.07 | 0.0384319229588
 5-6  |    2     |   0.0  |0.0 | 0.113724932075 | 0.371931893407 | 0.0 | 0.0 | 0.0 | 0.1 | 0.0766880888107
 5-6  |    2     |   1.0  |1.0 | 0.0850309580564 | 0.371931893407 | 0.0 | 0.0 | 0.0 | 0.1 | 0.0766880888107
 5-6  |    2     |   0.0  |1.0 | 0.108340382576 | 0.371931893407 | 0.0 | 0.0 | 0.0 | 0.1 | 0.0766880888107
 5-6  |    2     |   0.0  |0.0 | 0.0860428139567 | 0.371931893407 | 0.0 | 0.0 | 0.0 | 0.1 | 0.0766880888107
 5-6  |    2     |   2.0  |1.0 | 0.101224385202 | 0.371931893407 | 0.0 | 0.0 | 0.0 | 0.1 | 0.0766880888107
 5-6  |    2     |   1.0  |0.0 | 0.0975181460381 | 0.371931893407 | 0.0 | 0.0 | 0.0 | 0.1 | 0.0766880888107
 5-6  |    2     |   0.0  |0.0 | 0.0796692222357 | 0.371931893407 | 0.0 | 0.0 | 0.0 | 0.1 | 0.0766880888107
 5-6  |    2     |   1.0  |0.0 | 0.0995645448565 | 0.371931893407 | 0.0 | 0.0 | 0.0 | 0.1 | 0.0766880888107
 5-6  |    2     |   0.0  |1.0 | 0.114798404276 | 0.371931893407 | 0.0 | 0.0 | 0.0 | 0.1 | 0.0766880888107
 5-6  |    2     |   1.0  |0.0 | 0.0850309580564 | 0.371931893407 | 0.0 | 0.0 | 0.0 | 0.1 | 0.0766880888107
 5-6  |    2     |   0.0  |0.0 | 0.0976409688592 | 0.371931893407 | 0.0 | 0.0 | 0.0 | 0.1 | 0.0766880888107
 5-6  |    2     |   1.0  |0.0 | 0.1052230075 | 0.371931893407 | 0.0 | 0.0 | 0.0 | 0.1 | 0.0766880888107
 5-6  |    2     |   0.0  |0.0 | 0.0931621566415 | 0.371931893407 | 0.0 | 0.0 | 0.0 | 0.1 | 0.0766880888107
 5-6  |   >=3    |   0.0  |0.0 | 0.01715557836 | 1.00664459137 | 0.0 | 0.0 | 0.0 | 0.2 | 0.0766880888107
 5-6  |   >=3    |   0.0  |0.0 | 0.00629931408912 | 1.00664459137 | 0.0 | 0.0 | 0.0 | 0.2 | 0.0766880888107
 5-6  |   >=3    |   0.0  |0.0 | 0.0151183549315 | 1.00664459137 | 0.0 | 0.0 | 0.0 | 0.2 | 0.0766880888107
 5-6  |   >=3    |   0.0  |0.0 | 0.00668214587495 | 1.00664459137 | 0.0 | 0.0 | 0.0 | 0.2 | 0.0766880888107
 5-6  |   >=3    |   0.0  |1.0 | 0.0124260438606 | 1.00664459137 | 0.0 | 0.0 | 0.0 | 0.2 | 0.0766880888107
 5-6  |   >=3    |   0.0  |0.0 | 0.0110237998888 | 1.00664459137 | 0.0 | 0.0 | 0.0 | 0.2 | 0.0766880888107
 5-6  |   >=3    |   0.0  |0.0 | 0.00427072122693 | 1.00664459137 | 0.0 | 0.0 | 0.0 | 0.2 | 0.0766880888107
 5-6  |   >=3    |   0.0  |0.0 | 0.0117980465293 | 1.00664459137 | 0.0 | 0.0 | 0.0 | 0.2 | 0.0766880888107
 5-6  |   >=3    |   0.0  |0.0 | 0.0175617244095 | 1.00664459137 | 0.0 | 0.0 | 0.0 | 0.2 | 0.0766880888107
 5-6  |   >=3    |   0.0  |0.0 | 0.00629931408912 | 1.00664459137 | 0.0 | 0.0 | 0.0 | 0.2 | 0.0766880888107
 5-6  |   >=3    |   0.0  |0.0 | 0.0110702700913 | 1.00664459137 | 0.0 | 0.0 | 0.0 | 0.2 | 0.0766880888107
 5-6  |   >=3    |   0.0  |0.0 | 0.0139389075339 | 1.00664459137 | 0.0 | 0.0 | 0.0 | 0.2 | 0.0766880888107
 5-6  |   >=3    |   0.0  |0.0 | 0.00937572307885 | 1.00664459137 | 0.0 | 0.0 | 0.0 | 0.2 | 0.0766880888107
 7-8  |    0     |   0.0  |0.0 | 1.0 | 0.0 | 0.0 | 0.0 | 0.0 | 0 | 0.0
 7-8  |    0     |   2.0  |3.0 | 1.0 | 0.0 | 0.0 | 0.0 | 0.0 | 0 | 0.0
 7-8  |    0     |   1.0  |2.0 | 1.0 | 0.0 | 0.0 | 0.0 | 0.0 | 0 | 0.0
 7-8  |    0     |   1.0  |0.0 | 1.0 | 0.0 | 0.0 | 0.0 | 0.0 | 0 | 0.0
 7-8  |    0     |   1.0  |2.0 | 1.0 | 0.0 | 0.0 | 0.0 | 0.0 | 0 | 0.0
 7-8  |    0     |   1.0  |0.0 | 1.0 | 0.0 | 0.0 | 0.0 | 0.0 | 0 | 0.0
 7-8  |    0     |   0.0  |0.0 | 1.0 | 0.0 | 0.0 | 0.0 | 0.0 | 0 | 0.0
 7-8  |    0     |   3.0  |0.0 | 1.0 | 0.0 | 0.0 | 0.0 | 0.0 | 0 | 0.0
 7-8  |    0     |   2.0  |0.0 | 1.0 | 0.0 | 0.0 | 0.0 | 0.0 | 0 | 0.0
 7-8  |    0     |   0.0  |0.0 | 1.0 | 0.0 | 0.0 | 0.0 | 0.0 | 0 | 0.0
 7-8  |    0     |   0.0  |0.0 | 1.0 | 0.0 | 0.0 | 0.0 | 0.0 | 0 | 0.0
 7-8  |    0     |   0.0  |0.0 | 1.0 | 0.0 | 0.0 | 0.0 | 0.0 | 0 | 0.0
 7-8  |    0     |   0.0  |0.0 | 1.0 | 0.0 | 0.0 | 0.0 | 0.0 | 0 | 0.0
 7-8  |    1     |   0.0  |0.0 | 0.50141119957 | 0.227584867236 | 0.0720334727704 | 0.00425583682954 | 0.162970110774 | 0.07 | 0.0384319229588
 7-8  |    1     |   1.0  |0.0 | 0.500498712063 | 0.227584867236 | 0.0720334727704 | 0.00664350017905 | 0.159887641668 | 0.07 | 0.0384319229588
 7-8  |    1     |   0.0  |0.0 | 0.504148840904 | 0.227584867236 | 0.0720334727704 | 0.036009080708 | 0.171950206161 | 0.07 | 0.0384319229588
 7-8  |    1     |   0.0  |0.0 | 0.504148840904 | 0.227584867236 | 0.0720334727704 | 0.036009080708 | 0.171950206161 | 0.07 | 0.0384319229588
 7-8  |    1     |   0.0  |0.0 | 0.502323806286 | 0.227584867236 | 0.0720334727704 | 0.0149953849614 | 0.166007354856 | 0.07 | 0.0384319229588
 7-8  |    1     |   0.0  |0.0 | 0.502063035965 | 0.227584867236 | 0.0720334727704 | 0.0119430366904 | 0.165144100785 | 0.07 | 0.0384319229588
 7-8  |    1     |   0.0  |0.0 | 0.504148840904 | 0.227584867236 | 0.0720334727704 | 0.0360090918839 | 0.171950206161 | 0.07 | 0.0384319229588
 7-8  |    1     |   0.0  |0.0 | 0.500863671303 | 0.227584867236 | 0.0720334727704 | 0.00226442608982 | 0.161126092076 | 0.07 | 0.0384319229588
 7-8  |    1     |   0.0  |0.0 | 0.499171346426 | 0.227584867236 | 0.0720334727704 | 0.0227897390723 | 0.155321344733 | 0.07 | 0.0384319229588
 7-8  |    1     |   0.0  |0.0 | 0.502375304699 | 0.227584867236 | 0.0720334727704 | 0.0153553606942 | 0.166109144688 | 0.07 | 0.0384319229588
 7-8  |    1     |   1.0  |0.0 | 0.502157866955 | 0.227584867236 | 0.0720334727704 | 0.0130545031279 | 0.165458470583 | 0.07 | 0.0384319229588
 7-8  |    1     |   0.0  |0.0 | 0.503418803215 | 0.227584867236 | 0.0720334727704 | 0.0276768933982 | 0.169593766332 | 0.07 | 0.0384319229588
 7-8  |    1     |   0.0  |0.0 | 0.504148840904 | 0.227584867236 | 0.0720334727704 | 0.036009080708 | 0.171950206161 | 0.07 | 0.0384319229588
 7-8  |    2     |   0.0  |0.0 | 0.205682381988 | 0.371931893407 | 0.12999369571 | 0.135459259152 | 0.226089268923 | 0.1 | 0.0766880888107
 7-8  |    2     |   0.0  |0.0 | 0.206749394536 | 0.371931893407 | 0.12999369571 | 0.159469455481 | 0.223334759474 | 0.1 | 0.0766880888107
 7-8  |    2     |   0.0  |0.0 | 0.202481359243 | 0.371931893407 | 0.12999369571 | 0.0656196251512 | 0.234101355076 | 0.1 | 0.0766880888107
 7-8  |    2     |   0.0  |0.0 | 0.202481359243 | 0.371931893407 | 0.12999369571 | 0.0656196251512 | 0.234101355076 | 0.1 | 0.0766880888107
 7-8  |    2     |   1.0  |1.0 | 0.20461538434 | 0.371931893407 | 0.12999369571 | 0.111819989979 | 0.228801205754 | 0.1 | 0.0766880888107
 7-8  |    2     |   0.0  |0.0 | 0.204920217395 | 0.371931893407 | 0.12999369571 | 0.118536755443 | 0.228030651808 | 0.1 | 0.0766880888107
 7-8  |    2     |   0.0  |0.0 | 0.202481344342 | 0.371931893407 | 0.12999369571 | 0.0656195953488 | 0.234101355076 | 0.1 | 0.0766880888107
 7-8  |    2     |   0.0  |0.0 | 0.206322580576 | 0.371931893407 | 0.12999369571 | 0.149820357561 | 0.224441707134 | 0.1 | 0.0766880888107
 7-8  |    2     |   0.0  |0.0 | 0.208301410079 | 0.371931893407 | 0.12999369571 | 0.195073202252 | 0.219250231981 | 0.1 | 0.0766880888107
 7-8  |    2     |   1.0  |0.0 | 0.204555094242 | 0.371931893407 | 0.12999369571 | 0.111056536436 | 0.228888779879 | 0.1 | 0.0766880888107
 7-8  |    2     |   0.0  |0.0 | 0.204809382558 | 0.371931893407 | 0.12999369571 | 0.116090789437 | 0.228311255574 | 0.1 | 0.0766880888107
 7-8  |    2     |   0.0  |0.0 | 0.203334972262 | 0.371931893407 | 0.12999369571 | 0.0839301273227 | 0.232000768185 | 0.1 | 0.0766880888107
 7-8  |    2     |   0.0  |0.0 | 0.202481359243 | 0.371931893407 | 0.12999369571 | 0.0656196251512 | 0.234101355076 | 0.1 | 0.0766880888107
 7-8  |   >=3    |   0.0  |0.0 | 0.0437519550323 | 1.00664459137 | 0.343056994717 | 0.18767952919 | 0.341252356768 | 0.2 | 0.0766880888107
 7-8  |   >=3    |   0.0  |0.0 | 0.0437689721584 | 1.00664459137 | 0.343056994717 | 0.233498647809 | 0.337538570166 | 0.2 | 0.0766880888107
 7-8  |   >=3    |   0.0  |0.0 | 0.0437009185553 | 1.00664459137 | 0.343056994717 | 0.0583587475121 | 0.351734220982 | 0.2 | 0.0766880888107
 7-8  |   >=3    |   0.0  |0.0 | 0.0437009185553 | 1.00664459137 | 0.343056994717 | 0.0583587475121 | 0.351734220982 | 0.2 | 0.0766880888107
 7-8  |   >=3    |   0.0  |0.0 | 0.0437349453568 | 1.00664459137 | 0.343056994717 | 0.143257796764 | 0.344852864742 | 0.2 | 0.0766880888107
 7-8  |   >=3    |   0.0  |0.0 | 0.0437398068607 | 1.00664459137 | 0.343056994717 | 0.155810877681 | 0.343835413456 | 0.2 | 0.0766880888107
 7-8  |   >=3    |   0.0  |0.0 | 0.0437009185553 | 1.00664459137 | 0.343056994717 | 0.0583587512374 | 0.351734161377 | 0.2 | 0.0766880888107
 7-8  |   >=3    |   0.0  |0.0 | 0.0437621623278 | 1.00664459137 | 0.343056994717 | 0.214999109507 | 0.33903798461 | 0.2 | 0.0766880888107
 7-8  |   >=3    |   0.0  |0.0 | 0.0437937155366 | 1.00664459137 | 0.343056994717 | 0.302778214216 | 0.331923216581 | 0.2 | 0.0766880888107
 7-8  |   >=3    |   0.0  |0.0 | 0.0437339842319 | 1.00664459137 | 0.343056994717 | 0.14286673069 | 0.344884574413 | 0.2 | 0.0766880888107
 7-8  |   >=3    |   0.0  |0.0 | 0.0437380410731 | 1.00664459137 | 0.343056994717 | 0.151233434677 | 0.344206422567 | 0.2 | 0.0766880888107
 7-8  |   >=3    |   0.0  |0.0 | 0.0437145270407 | 1.00664459137 | 0.343056994717 | 0.0917081013322 | 0.349031120539 | 0.2 | 0.0766880888107
 7-8  |   >=3    |   0.0  |0.0 | 0.0437009185553 | 1.00664459137 | 0.343056994717 | 0.0583587475121 | 0.351734220982 | 0.2 | 0.0766880888107
 9+   |    0     |   0.0  |0.0 | 1.0 | 0.0 | 0.0 | 0.0 | 0.0 | 0 | 0.0
 9+   |    0     |   0.0  |0.0 | 1.0 | 0.0 | 0.0 | 0.0 | 0.0 | 0 | 0.0
 9+   |    0     |   0.0  |0.0 | 1.0 | 0.0 | 0.0 | 0.0 | 0.0 | 0 | 0.0
 9+   |    0     |   0.0  |0.0 | 1.0 | 0.0 | 0.0 | 0.0 | 0.0 | 0 | 0.0
 9+   |    0     |   0.0  |0.0 | 1.0 | 0.0 | 0.0 | 0.0 | 0.0 | 0 | 0.0
 9+   |    0     |   0.0  |0.0 | 1.0 | 0.0 | 0.0 | 0.0 | 0.0 | 0 | 0.0
 9+   |    0     |   0.0  |0.0 | 1.0 | 0.0 | 0.0 | 0.0 | 0.0 | 0 | 0.0
 9+   |    0     |   0.0  |0.0 | 1.0 | 0.0 | 0.0 | 0.0 | 0.0 | 0 | 0.0
 9+   |    0     |   0.0  |0.0 | 1.0 | 0.0 | 0.0 | 0.0 | 0.0 | 0 | 0.0
 9+   |    0     |   0.0  |0.0 | 1.0 | 0.0 | 0.0 | 0.0 | 0.0 | 0 | 0.0
 9+   |    0     |   0.0  |0.0 | 1.0 | 0.0 | 0.0 | 0.0 | 0.0 | 0 | 0.0
 9+   |    0     |   0.0  |0.0 | 1.0 | 0.0 | 0.0 | 0.0 | 0.0 | 0 | 0.0
 9+   |    0     |   0.0  |0.0 | 1.0 | 0.0 | 0.0 | 0.0 | 0.0 | 0 | 0.0
 9+   |    1     |   0.0  |0.0 | 0.705605149269 | 0.227584867236 | 0.204341412584 | 0.0697555914521 | 0.211937725544 | 0.07 | 0.0384319229588
 9+   |    1     |   0.0  |0.0 | 0.705605149269 | 0.227584867236 | 0.204341412584 | 0.0697555914521 | 0.211937725544 | 0.07 | 0.0384319229588
 9+   |    1     |   0.0  |0.0 | 0.705605149269 | 0.227584867236 | 0.204341412584 | 0.0697555914521 | 0.211937725544 | 0.07 | 0.0384319229588
 9+   |    1     |   0.0  |0.0 | 0.705605149269 | 0.227584867236 | 0.204341412584 | 0.0697555914521 | 0.211937725544 | 0.07 | 0.0384319229588
 9+   |    1     |   0.0  |0.0 | 0.705605149269 | 0.227584867236 | 0.204341412584 | 0.0697555914521 | 0.211937725544 | 0.07 | 0.0384319229588
 9+   |    1     |   0.0  |0.0 | 0.705605149269 | 0.227584867236 | 0.204341412584 | 0.0697555914521 | 0.211937725544 | 0.07 | 0.0384319229588
 9+   |    1     |   0.0  |0.0 | 0.705605149269 | 0.227584867236 | 0.204341412584 | 0.0697555914521 | 0.211937725544 | 0.07 | 0.0384319229588
 9+   |    1     |   0.0  |0.0 | 0.705605149269 | 0.227584867236 | 0.204341412584 | 0.0697555914521 | 0.211937725544 | 0.07 | 0.0384319229588
 9+   |    1     |   0.0  |0.0 | 0.705605149269 | 0.227584867236 | 0.204341412584 | 0.0697555914521 | 0.211937725544 | 0.07 | 0.0384319229588
 9+   |    1     |   0.0  |0.0 | 0.705605149269 | 0.227584867236 | 0.204341412584 | 0.0697555914521 | 0.211937725544 | 0.07 | 0.0384319229588
 9+   |    1     |   0.0  |0.0 | 0.705605149269 | 0.227584867236 | 0.204341412584 | 0.0697555914521 | 0.211937725544 | 0.07 | 0.0384319229588
 9+   |    1     |   0.0  |0.0 | 0.705605149269 | 0.227584867236 | 0.204341412584 | 0.0697555914521 | 0.211937725544 | 0.07 | 0.0384319229588
 9+   |    1     |   0.0  |0.0 | 0.705605149269 | 0.227584867236 | 0.204341412584 | 0.0697555914521 | 0.211937725544 | 0.07 | 0.0384319229588
 9+   |    2     |   0.0  |0.0 | 0.518693089485 | 0.371931893407 | 0.513125998651 | 0.00464296294376 | 0.411026388407 | 0.1 | 0.0766880888107
 9+   |    2     |   0.0  |0.0 | 0.518693089485 | 0.371931893407 | 0.513125998651 | 0.00464296294376 | 0.411026388407 | 0.1 | 0.0766880888107
 9+   |    2     |   0.0  |0.0 | 0.518693089485 | 0.371931893407 | 0.513125998651 | 0.00464296294376 | 0.411026388407 | 0.1 | 0.0766880888107
 9+   |    2     |   0.0  |0.0 | 0.518693089485 | 0.371931893407 | 0.513125998651 | 0.00464296294376 | 0.411026388407 | 0.1 | 0.0766880888107
 9+   |    2     |   0.0  |0.0 | 0.518693089485 | 0.371931893407 | 0.513125998651 | 0.00464296294376 | 0.411026388407 | 0.1 | 0.0766880888107
 9+   |    2     |   0.0  |0.0 | 0.518693089485 | 0.371931893407 | 0.513125998651 | 0.00464296294376 | 0.411026388407 | 0.1 | 0.0766880888107
 9+   |    2     |   0.0  |0.0 | 0.518693089485 | 0.371931893407 | 0.513125998651 | 0.00464296294376 | 0.411026388407 | 0.1 | 0.0766880888107
 9+   |    2     |   0.0  |0.0 | 0.518693089485 | 0.371931893407 | 0.513125998651 | 0.00464296294376 | 0.411026388407 | 0.1 | 0.0766880888107
 9+   |    2     |   0.0  |0.0 | 0.518693089485 | 0.371931893407 | 0.513125998651 | 0.00464296294376 | 0.411026388407 | 0.1 | 0.0766880888107
 9+   |    2     |   0.0  |0.0 | 0.518693089485 | 0.371931893407 | 0.513125998651 | 0.00464296294376 | 0.411026388407 | 0.1 | 0.0766880888107
 9+   |    2     |   0.0  |0.0 | 0.518693089485 | 0.371931893407 | 0.513125998651 | 0.00464296294376 | 0.411026388407 | 0.1 | 0.0766880888107
 9+   |    2     |   0.0  |0.0 | 0.518693089485 | 0.371931893407 | 0.513125998651 | 0.00464296294376 | 0.411026388407 | 0.1 | 0.0766880888107
 9+   |    2     |   0.0  |0.0 | 0.518693089485 | 0.371931893407 | 0.513125998651 | 0.00464296294376 | 0.411026388407 | 0.1 | 0.0766880888107
 9+   |   >=3    |   0.0  |0.0 | 0.0826215744019 | 1.00664459137 | 0.697239196152 | 0.589862346649 | 0.424213647842 | 0.2 | 0.0766880888107
 9+   |   >=3    |   0.0  |0.0 | 0.0826215744019 | 1.00664459137 | 0.697239196152 | 0.589862346649 | 0.424213647842 | 0.2 | 0.0766880888107
 9+   |   >=3    |   0.0  |0.0 | 0.0826215744019 | 1.00664459137 | 0.697239196152 | 0.589862346649 | 0.424213647842 | 0.2 | 0.0766880888107
 9+   |   >=3    |   0.0  |0.0 | 0.0826215744019 | 1.00664459137 | 0.697239196152 | 0.589862346649 | 0.424213647842 | 0.2 | 0.0766880888107
 9+   |   >=3    |   0.0  |0.0 | 0.0826215744019 | 1.00664459137 | 0.697239196152 | 0.589862346649 | 0.424213647842 | 0.2 | 0.0766880888107
 9+   |   >=3    |   0.0  |0.0 | 0.0826215744019 | 1.00664459137 | 0.697239196152 | 0.589862346649 | 0.424213647842 | 0.2 | 0.0766880888107
 9+   |   >=3    |   0.0  |0.0 | 0.0826215744019 | 1.00664459137 | 0.697239196152 | 0.589862346649 | 0.424213647842 | 0.2 | 0.0766880888107
 9+   |   >=3    |   0.0  |0.0 | 0.0826215744019 | 1.00664459137 | 0.697239196152 | 0.589862346649 | 0.424213647842 | 0.2 | 0.0766880888107
 9+   |   >=3    |   0.0  |0.0 | 0.0826215744019 | 1.00664459137 | 0.697239196152 | 0.589862346649 | 0.424213647842 | 0.2 | 0.0766880888107
 9+   |   >=3    |   0.0  |0.0 | 0.0826215744019 | 1.00664459137 | 0.697239196152 | 0.589862346649 | 0.424213647842 | 0.2 | 0.0766880888107
 9+   |   >=3    |   0.0  |0.0 | 0.0826215744019 | 1.00664459137 | 0.697239196152 | 0.589862346649 | 0.424213647842 | 0.2 | 0.0766880888107
 9+   |   >=3    |   0.0  |0.0 | 0.0826215744019 | 1.00664459137 | 0.697239196152 | 0.589862346649 | 0.424213647842 | 0.2 | 0.0766880888107
 9+   |   >=3    |   0.0  |0.0 | 0.0826215744019 | 1.00664459137 | 0.697239196152 | 0.589862346649 | 0.424213647842 | 0.2 | 0.0766880888107
