 binIndex : nMCGJ( nMCerr)|nMCEBt |nMCECt |Nobs |nEB| pEB(pEBerr) |nEC| pEC(pECerr) |ZgR(REr1,+RErUp-RErLow) |f(ferr) |purityTimesFrag(pErr)| DR(+DRup-DRlow)| Yield(+YstatUp-YstatLow,+YsysUp-YsysLow)
 1 : 19850.465( 0.015)|13520.063 |6330.993 |31173.0 |20966.0| 0.957(0.03) |10207.0| 0.854(0.032) |0.364(0.016,+0.053-0.048) |0.92(0.0) |0.85(0.0)| 1.0(+0.0-0.0)| 9651.796(+0.018-0.018,+0.055-0.051)
 2 : 2145.284( 0.028)|1487.849 |657.446 |2665.0 |1878.0| 0.957(0.03) |787.0| 0.854(0.032) |0.373(0.03,+0.053-0.048) |0.92(0.0) |0.852(0.001)| 1.0(+0.0-0.0)| 846.494(+0.061-0.061,+0.061-0.057)
 3 : 160.939( 0.076)|119.076 |41.863 |158.0 |116.0| 0.957(0.03) |42.0| 0.854(0.032) |0.363(0.078,+0.053-0.048) |0.92(0.0) |0.856(0.002)| 1.0(+0.0-0.0)| 49.122(+0.256-0.256,+0.094-0.091)
 4 : 18500.477( 0.016)|13496.736 |5004.187 |27835.0 |18991.0| 0.957(0.024) |8844.0| 0.877(0.03) |0.369(0.016,+0.053-0.048) |0.92(0.0) |0.861(0.0)| 1.0(+0.0-0.0)| 8793.863(+0.019-0.019,+0.055-0.051)
 5 : 1573.138( 0.033)|1107.648 |465.489 |2065.0 |1455.0| 0.957(0.024) |610.0| 0.877(0.03) |0.367(0.035,+0.053-0.048) |0.92(0.0) |0.859(0.001)| 1.0(+0.0-0.0)| 650.244(+0.07-0.07,+0.064-0.06)
 6 : 93.029( 0.1)|70.702 |22.327 |114.0 |94.0| 0.957(0.024) |20.0| 0.877(0.03) |0.442(0.102,+0.053-0.048) |0.92(0.0) |0.863(0.003)| 1.0(+0.0-0.0)| 43.666(+0.245-0.245,+0.115-0.113)
 7 : 13676.823( 0.016)|10239.051 |3438.375 |18594.0 |13425.0| 0.949(0.052) |5169.0| 0.904(0.028) |0.371(0.017,+0.053-0.048) |0.92(0.0) |0.863(0.0)| 1.0(+0.0-0.0)| 5939.179(+0.023-0.023,+0.056-0.051)
 8 : 3733.694( 0.022)|2857.291 |876.515 |4851.0 |3597.0| 0.949(0.052) |1254.0| 0.904(0.028) |0.381(0.024,+0.053-0.048) |0.92(0.0) |0.863(0.001)| 1.0(+0.0-0.0)| 1594.753(+0.044-0.044,+0.058-0.054)
 9 : 196.29( 0.069)|158.148 |38.142 |181.0 |145.0| 0.949(0.052) |36.0| 0.904(0.028) |0.361(0.07,+0.053-0.048) |0.92(0.0) |0.865(0.003)| 1.0(+0.0-0.0)| 56.454(+0.238-0.238,+0.088-0.085)
 10 : 3410.093( 0.022)|2879.752 |530.408 |4062.0 |3308.0| 0.952(0.106) |754.0| 0.926(0.08) |0.399(0.023,+0.053-0.048) |0.92(0.0) |0.872(0.002)| 1.0(+0.0-0.0)| 1413.484(+0.045-0.045,+0.058-0.053)
 11 : 91.168( 0.101)|83.726 |7.442 |113.0 |95.0| 0.952(0.106) |18.0| 0.926(0.08) |0.518(0.103,+0.053-0.048) |0.92(0.0) |0.874(0.012)| 1.0(+0.0-0.0)| 51.035(+0.208-0.208,+0.116-0.114)
 12 : 437.236( 0.046)|403.745 |33.49 |451.0 |402.0| 0.952(0.106) |49.0| 0.926(0.08) |0.442(0.047,+0.053-0.048) |0.92(0.0) |0.874(0.005)| 1.0(+0.0-0.0)| 174.11(+0.122-0.122,+0.071-0.067)
 13 : 14.885( 0.25)|14.885 |0.0 |16.0 |15.0| 0.952(0.106) |1.0| 0.926(0.08) |0.565(0.254,+0.053-0.048) |0.92(0.0) |0.876(0.028)| 1.0(+0.0-0.0)| 7.904(+0.506-0.506,+0.261-0.26)
 14 : 22069.895( 0.014)|15317.005 |6753.649 |32710.0 |21344.0| 0.957(0.03) |11366.0| 0.854(0.032) |0.355(0.015,+0.053-0.048) |0.92(0.0) |0.852(0.0)| 1.0(+0.0-0.0)| 9855.832(+0.018-0.018,+0.055-0.05)
 15 : 6241.152( 0.016)|4327.075 |1914.259 |7315.0 |4957.0| 0.957(0.03) |2358.0| 0.854(0.032) |0.355(0.018,+0.053-0.048) |0.92(0.0) |0.852(0.0)| 1.0(+0.0-0.0)| 2208.91(+0.039-0.039,+0.056-0.051)
 16 : 591.665( 0.04)|435.375 |156.288 |528.0 |375.0| 0.957(0.03) |153.0| 0.854(0.032) |0.345(0.041,+0.053-0.048) |0.92(0.0) |0.856(0.001)| 1.0(+0.0-0.0)| 155.246(+0.148-0.148,+0.067-0.063)
 17 : 12460.735( 0.018)|9068.074 |3393.268 |17849.0 |12101.0| 0.957(0.024) |5748.0| 0.877(0.03) |0.358(0.019,+0.053-0.048) |0.92(0.0) |0.86(0.0)| 1.0(+0.0-0.0)| 5467.279(+0.024-0.024,+0.056-0.052)
 18 : 4573.334( 0.019)|3176.312 |1397.201 |5289.0 |3719.0| 0.957(0.024) |1570.0| 0.877(0.03) |0.341(0.021,+0.053-0.048) |0.92(0.0) |0.858(0.0)| 1.0(+0.0-0.0)| 1547.34(+0.047-0.047,+0.057-0.052)
 19 : 394.442( 0.049)|298.622 |95.819 |380.0 |292.0| 0.957(0.024) |88.0| 0.877(0.03) |0.372(0.05,+0.053-0.048) |0.92(0.0) |0.863(0.001)| 1.0(+0.0-0.0)| 121.95(+0.16-0.16,+0.073-0.069)
 20 : 7624.498( 0.02)|5719.818 |1904.682 |10023.0 |7117.0| 0.949(0.052) |2906.0| 0.904(0.028) |0.377(0.022,+0.053-0.048) |0.92(0.0) |0.863(0.001)| 1.0(+0.0-0.0)| 3255.049(+0.031-0.031,+0.057-0.053)
 21 : 8148.667( 0.015)|6135.291 |2013.519 |9682.0 |7039.0| 0.949(0.052) |2643.0| 0.904(0.028) |0.369(0.016,+0.053-0.048) |0.92(0.0) |0.863(0.001)| 1.0(+0.0-0.0)| 3078.347(+0.032-0.032,+0.055-0.051)
 22 : 655.856( 0.038)|513.52 |142.333 |610.0 |478.0| 0.949(0.052) |132.0| 0.904(0.028) |0.381(0.039,+0.053-0.048) |0.92(0.0) |0.864(0.002)| 1.0(+0.0-0.0)| 200.693(+0.123-0.123,+0.066-0.062)
 23 : 3554.492( 0.019)|3016.418 |538.141 |3748.0 |2983.0| 0.952(0.106) |765.0| 0.926(0.08) |0.395(0.02,+0.053-0.048) |0.92(0.0) |0.873(0.002)| 1.0(+0.0-0.0)| 1288.701(+0.048-0.048,+0.057-0.052)
 24 : 400.024( 0.048)|332.112 |67.911 |348.0 |293.0| 0.952(0.106) |55.0| 0.926(0.08) |0.428(0.049,+0.053-0.048) |0.92(0.0) |0.872(0.005)| 1.0(+0.0-0.0)| 129.897(+0.144-0.144,+0.072-0.069)
 25 : 597.247( 0.039)|547.011 |50.235 |478.0 |427.0| 0.952(0.106) |51.0| 0.926(0.08) |0.406(0.04,+0.053-0.048) |0.92(0.0) |0.874(0.004)| 1.0(+0.0-0.0)| 169.716(+0.129-0.129,+0.067-0.063)
 26 : 43.723( 0.146)|43.723 |0.0 |34.0 |31.0| 0.952(0.106) |3.0| 0.926(0.08) |0.588(0.148,+0.053-0.048) |0.92(0.0) |0.876(0.014)| 1.0(+0.0-0.0)| 17.483(+0.334-0.334,+0.158-0.156)
 27 : 1838.068( 0.046)|1233.357 |604.708 |2667.0 |1676.0| 0.957(0.03) |991.0| 0.854(0.032) |0.369(0.049,+0.053-0.048) |0.92(0.0) |0.849(0.001)| 1.0(+0.0-0.0)| 830.989(+0.062-0.062,+0.072-0.069)
 28 : 2027.448( 0.03)|1320.276 |707.169 |2429.0 |1519.0| 0.957(0.03) |910.0| 0.854(0.032) |0.361(0.032,+0.053-0.048) |0.92(0.0) |0.848(0.001)| 1.0(+0.0-0.0)| 741.602(+0.066-0.066,+0.062-0.058)
 29 : 291.179( 0.057)|214.896 |76.283 |255.0 |170.0| 0.957(0.03) |85.0| 0.854(0.032) |0.384(0.058,+0.053-0.048) |0.92(0.0) |0.856(0.002)| 1.0(+0.0-0.0)| 83.102(+0.192-0.192,+0.078-0.075)
 30 : 762.366( 0.071)|551.439 |210.926 |1126.0 |708.0| 0.957(0.024) |418.0| 0.877(0.03) |0.379(0.076,+0.053-0.048) |0.92(0.0) |0.86(0.001)| 1.0(+0.0-0.0)| 364.323(+0.092-0.092,+0.092-0.09)
 31 : 1405.759( 0.036)|960.744 |445.014 |1579.0 |1046.0| 0.957(0.024) |533.0| 0.877(0.03) |0.352(0.039,+0.053-0.048) |0.92(0.0) |0.857(0.001)| 1.0(+0.0-0.0)| 475.632(+0.084-0.084,+0.066-0.062)
 32 : 213.035( 0.066)|158.148 |54.887 |204.0 |152.0| 0.957(0.024) |52.0| 0.877(0.03) |0.376(0.068,+0.053-0.048) |0.92(0.0) |0.861(0.002)| 1.0(+0.0-0.0)| 66.037(+0.216-0.216,+0.086-0.083)
 33 : 404.322( 0.09)|309.656 |94.666 |486.0 |329.0| 0.949(0.052) |157.0| 0.904(0.028) |0.337(0.099,+0.053-0.048) |0.92(0.0) |0.863(0.002)| 1.0(+0.0-0.0)| 140.851(+0.157-0.157,+0.112-0.11)
 34 : 1884.474( 0.03)|1384.568 |499.903 |2122.0 |1508.0| 0.949(0.052) |614.0| 0.904(0.028) |0.378(0.032,+0.053-0.048) |0.92(0.0) |0.862(0.001)| 1.0(+0.0-0.0)| 690.831(+0.067-0.067,+0.062-0.058)
 35 : 357.23( 0.051)|274.434 |82.795 |338.0 |260.0| 0.949(0.052) |78.0| 0.904(0.028) |0.386(0.052,+0.053-0.048) |0.92(0.0) |0.864(0.002)| 1.0(+0.0-0.0)| 112.744(+0.163-0.163,+0.074-0.071)
 36 : 498.13( 0.048)|400.136 |97.993 |545.0 |420.0| 0.952(0.106) |125.0| 0.926(0.08) |0.437(0.05,+0.053-0.048) |0.92(0.0) |0.871(0.005)| 1.0(+0.0-0.0)| 207.578(+0.112-0.112,+0.073-0.069)
 37 : 214.896( 0.066)|186.987 |27.909 |197.0 |160.0| 0.952(0.106) |37.0| 0.926(0.08) |0.411(0.067,+0.053-0.048) |0.92(0.0) |0.873(0.007)| 1.0(+0.0-0.0)| 70.56(+0.199-0.199,+0.086-0.083)
 38 : 114.425( 0.09)|107.913 |6.512 |98.0 |90.0| 0.952(0.106) |8.0| 0.926(0.08) |0.417(0.092,+0.053-0.048) |0.92(0.0) |0.875(0.009)| 1.0(+0.0-0.0)| 35.696(+0.277-0.277,+0.106-0.104)
 39 : 14.885( 0.25)|14.885 |0.0 |24.0 |23.0| 0.952(0.106) |1.0| 0.926(0.08) |0.827(0.253,+0.053-0.048) |0.92(0.0) |0.876(0.035)| 1.0(+0.0-0.0)| 17.364(+0.282-0.282,+0.261-0.26)
 40 : 182.445( 0.097)|120.009 |62.436 |272.0 |169.0| 0.957(0.03) |103.0| 0.854(0.032) |0.403(0.105,+0.053-0.048) |0.92(0.0) |0.848(0.003)| 1.0(+0.0-0.0)| 92.665(+0.178-0.178,+0.117-0.115)
 41 : 76.283( 0.11)|51.166 |25.118 |66.0 |41.0| 0.957(0.03) |25.0| 0.854(0.032) |0.341(0.113,+0.053-0.048) |0.92(0.0) |0.849(0.003)| 1.0(+0.0-0.0)| 19.017(+0.427-0.427,+0.125-0.123)
 42 : 143.174( 0.114)|101.101 |42.073 |164.0 |104.0| 0.957(0.03) |60.0| 0.854(0.032) |0.301(0.124,+0.053-0.048) |0.92(0.0) |0.853(0.003)| 1.0(+0.0-0.0)| 41.804(+0.306-0.306,+0.135-0.133)
 43 : 44.654( 0.144)|32.56 |12.094 |46.0 |35.0| 0.957(0.024) |11.0| 0.877(0.03) |0.413(0.147,+0.053-0.048) |0.92(0.0) |0.861(0.004)| 1.0(+0.0-0.0)| 16.379(+0.414-0.414,+0.157-0.155)
 44 : 126.939( 0.107)|95.412 |31.527 |204.0 |131.0| 0.957(0.024) |73.0| 0.877(0.03) |0.448(0.114,+0.053-0.048) |0.92(0.0) |0.862(0.003)| 1.0(+0.0-0.0)| 78.037(+0.183-0.183,+0.126-0.124)
 45 : 77.214( 0.11)|53.957 |23.257 |74.0 |54.0| 0.949(0.052) |20.0| 0.904(0.028) |0.405(0.112,+0.053-0.048) |0.92(0.0) |0.861(0.005)| 1.0(+0.0-0.0)| 25.818(+0.333-0.333,+0.124-0.122)
 46 : 37.833( 0.186)|26.773 |11.061 |39.0 |29.0| 0.949(0.052) |10.0| 0.904(0.028) |0.383(0.192,+0.053-0.048) |0.92(0.0) |0.861(0.008)| 1.0(+0.0-0.0)| 12.887(+0.485-0.485,+0.199-0.198)
 47 : 47.445( 0.14)|40.002 |7.442 |40.0 |30.0| 0.952(0.106) |10.0| 0.926(0.08) |0.381(0.143,+0.053-0.048) |0.92(0.0) |0.872(0.013)| 1.0(+0.0-0.0)| 13.258(+0.477-0.477,+0.153-0.152)
 48 : 9.303( 0.316)|8.373 |0.93 |7.0 |5.0| 0.952(0.106) |2.0| 0.926(0.08) |0.515(0.321,+0.053-0.048) |0.92(0.0) |0.874(0.028)| 1.0(+0.0-0.0)| 3.134(+0.844-0.844,+0.327-0.326)
 49 : 6.512( 0.378)|6.512 |0.0 |3.0 |3.0| 0.952(0.106) |0.0| 0.926(0.08) |0.436(0.386,+0.053-0.048) |0.92(0.0) |0.876(0.028)| 1.0(+0.0-0.0)| 1.146(+2.099-2.099,+0.391-0.39)
 50 : 7.339( 0.463)|5.479 |1.861 |14.0 |11.0| 0.952(0.106) |3.0| 0.926(0.08) |0.4(0.491,+0.053-0.048) |0.92(0.0) |0.87(0.051)| 1.0(+0.0-0.0)| 4.874(+0.768-0.768,+0.497-0.496)
 51 : 8.373( 0.333)|3.721 |4.651 |6.0 |4.0| 0.957(0.03) |2.0| 0.854(0.032) |0.398(0.34,+0.053-0.048) |0.92(0.0) |0.828(0.009)| 1.0(+0.0-0.0)| 2.025(+1.21-1.21,+0.344-0.344)
 52 : 2.791( 0.577)|2.791 |0.0 |4.0 |1.0| 0.957(0.03) |3.0| 0.854(0.032) |0.608(0.62,+0.053-0.048) |0.92(0.0) |0.881(0.022)| 1.0(+0.0-0.0)| 1.97(+1.015-1.015,+0.623-0.622)
 53 : 5.582( 0.408)|4.651 |0.93 |9.0 |7.0| 0.957(0.03) |2.0| 0.854(0.032) |0.442(0.416,+0.053-0.048) |0.92(0.0) |0.865(0.016)| 1.0(+0.0-0.0)| 3.422(+0.877-0.877,+0.419-0.419)
 54 : 1.861( 0.707)|0.93 |0.93 |10.0 |6.0| 0.957(0.024) |4.0| 0.877(0.03) |0.998(0.713,+0.053-0.048) |0.92(0.0) |0.844(0.044)| 1.0(+0.0-0.0)| 8.493(+0.372-0.372,+0.717-0.716)
 55 : 9.303( 0.316)|8.373 |0.93 |11.0 |6.0| 0.957(0.024) |5.0| 0.877(0.03) |0.401(0.323,+0.053-0.048) |0.92(0.0) |0.873(0.009)| 1.0(+0.0-0.0)| 3.733(+0.888-0.888,+0.327-0.326)
 56 : 2.791( 0.577)|0.93 |1.861 |0.0 |0.0| 0.949(0.052) |0.0| 0.904(0.028) |0.124(0.608,+0.053-0.048) |0.92(0.0) |0.845(0.0)| 1.0(+0.0-0.0)| 0.0(+0.292-0.292,+0.61-0.61)
 57 : 4.651( 0.447)|3.721 |0.93 |4.0 |4.0| 0.949(0.052) |0.0| 0.904(0.028) |0.46(0.456,+0.053-0.048) |0.92(0.0) |0.865(0.022)| 1.0(+0.0-0.0)| 1.607(+1.621-1.621,+0.459-0.459)
 58 : 0.93( 1.0)|0.93 |0.0 |0.0 |0.0| 0.952(0.106) |0.0| 0.926(0.08) |0.242(1.032,+0.053-0.048) |0.92(0.0) |0.876(0.0)| 1.0(+0.0-0.0)| 0.0(+0.572-0.572,+1.033-1.033)
 59 : 0.0( 1.67)|0.0 |0.0 |0.0 |0.0| 0.952(0.106) |0.0| 0.926(0.08) |0.515(1.0,+0.053-0.048) |0.92(0.0) |1.0(0.0)| 1.0(+0.0-0.0)| 0.0(+1.217-1.217,+1.001-1.001)
